5 0.19591346153846154 0.26322115384615385 0.06971153846153846 0.1658653846153846
2 0.1875 0.33774038461538464 0.07692307692307693 0.18990384615384615
1 0.1658653846153846 0.4639423076923077 0.0625 0.13942307692307693
1 0.2247596153846154 0.17548076923076922 0.055288461538461536 0.12980769230769232
3 0.23557692307692307 0.09615384615384616 0.057692307692307696 0.1201923076923077
3 0.1502403846153846 0.5817307692307693 0.07451923076923077 0.125
6 0.1346153846153846 0.7127403846153846 0.07211538461538461 0.13221153846153846
6 0.23677884615384615 0.039663461538461536 0.05048076923076923 0.07932692307692307
4 0.32211538461538464 0.039663461538461536 0.04326923076923077 0.07932692307692307
4 0.3161057692307692 0.10817307692307693 0.040865384615384616 0.09615384615384616
4 0.30288461538461536 0.1935096153846154 0.04326923076923077 0.0985576923076923
4 0.2956730769230769 0.27524038461538464 0.04326923076923077 0.0985576923076923
4 0.28365384615384615 0.37259615384615385 0.04807692307692308 0.10096153846153846
4 0.27163461538461536 0.4831730769230769 0.052884615384615384 0.10576923076923077
4 0.25600961538461536 0.5925480769230769 0.05048076923076923 0.11298076923076923
4 0.2403846153846154 0.71875 0.052884615384615384 0.11057692307692307
11 0.8088942307692307 0.25721153846153844 0.06009615384615385 0.17307692307692307
8 0.8221153846153846 0.3449519230769231 0.0673076923076923 0.19951923076923078
7 0.8028846153846154 0.17908653846153846 0.04807692307692308 0.13701923076923078
7 0.8365384615384616 0.4735576923076923 0.057692307692307696 0.1346153846153846
9 0.7860576923076923 0.0985576923076923 0.052884615384615384 0.12980769230769232
9 0.8293269230769231 0.5925480769230769 0.0625 0.14182692307692307
12 0.8569711538461539 0.7427884615384616 0.06971153846153846 0.13942307692307693
12 0.7836538461538461 0.039663461538461536 0.04807692307692308 0.07932692307692307
10 0.7091346153846154 0.11177884615384616 0.04326923076923077 0.0985576923076923
10 0.7055288461538461 0.039663461538461536 0.040865384615384616 0.07932692307692307
10 0.7115384615384616 0.19831730769230768 0.04326923076923077 0.0985576923076923
10 0.7175480769230769 0.28725961538461536 0.04567307692307692 0.10336538461538461
10 0.7175480769230769 0.3894230769230769 0.04567307692307692 0.10096153846153846
10 0.7283653846153846 0.4987980769230769 0.04807692307692308 0.0985576923076923
10 0.7295673076923077 0.6021634615384616 0.05048076923076923 0.10817307692307693
10 0.7427884615384616 0.7283653846153846 0.0625 0.11538461538461539