5 0.7764423076923077 0.30528846153846156 0.07692307692307693 0.16826923076923078
2 0.7836538461538461 0.3798076923076923 0.08173076923076923 0.19230769230769232
1 0.8016826923076923 0.5096153846153846 0.06490384615384616 0.13942307692307693
1 0.75 0.21394230769230768 0.057692307692307696 0.12980769230769232
3 0.7391826923076923 0.1346153846153846 0.06009615384615385 0.1201923076923077
3 0.8185096153846154 0.6298076923076923 0.07932692307692307 0.125
6 0.8317307692307693 0.7620192307692307 0.07692307692307693 0.1346153846153846
6 0.7379807692307693 0.06610576923076923 0.052884615384615384 0.0985576923076923
4 0.6538461538461539 0.0625 0.04326923076923077 0.09615384615384616
4 0.6574519230769231 0.14423076923076922 0.040865384615384616 0.09615384615384616
4 0.6682692307692307 0.22956730769230768 0.04326923076923077 0.0985576923076923
4 0.6754807692307693 0.3125 0.04326923076923077 0.10096153846153846
4 0.6862980769230769 0.4110576923076923 0.05048076923076923 0.10096153846153846
4 0.6959134615384616 0.5228365384615384 0.055288461538461536 0.10817307692307693
4 0.7103365384615384 0.6370192307692307 0.05048076923076923 0.11538461538461539
4 0.7235576923076923 0.7632211538461539 0.057692307692307696 0.11298076923076923
11 0.15745192307692307 0.2704326923076923 0.06490384615384616 0.17548076923076922
8 0.14182692307692307 0.359375 0.07211538461538461 0.19951923076923078
7 0.16466346153846154 0.19230769230769232 0.05048076923076923 0.13942307692307693
7 0.12620192307692307 0.4891826923076923 0.06009615384615385 0.13701923076923078
9 0.18389423076923078 0.11298076923076923 0.055288461538461536 0.12980769230769232
9 0.1310096153846154 0.6081730769230769 0.06490384615384616 0.14423076923076922
12 0.10096153846153846 0.7596153846153846 0.07211538461538461 0.13942307692307693
12 0.18629807692307693 0.04807692307692308 0.05048076923076923 0.08653846153846154
10 0.2608173076923077 0.12980769230769232 0.04567307692307692 0.10096153846153846
10 0.2644230769230769 0.05048076923076923 0.04326923076923077 0.09134615384615384
10 0.25721153846153844 0.21514423076923078 0.04326923076923077 0.0985576923076923
10 0.25 0.30528846153846156 0.04807692307692308 0.10576923076923077
10 0.24759615384615385 0.4098557692307692 0.04807692307692308 0.10336538461538461
10 0.234375 0.5180288461538461 0.05048076923076923 0.0985576923076923
10 0.23076923076923078 0.6213942307692307 0.052884615384615384 0.10817307692307693
10 0.21514423076923078 0.75 0.06490384615384616 0.11538461538461539