5 0.8064903846153846 0.28966346153846156 0.07451923076923077 0.16105769230769232
2 0.8161057692307693 0.3629807692307692 0.07932692307692307 0.1875
1 0.8401442307692307 0.4879807692307692 0.06490384615384616 0.1346153846153846
1 0.7764423076923077 0.20192307692307693 0.057692307692307696 0.125
3 0.7632211538461539 0.12379807692307693 0.06009615384615385 0.11778846153846154
3 0.859375 0.6069711538461539 0.07932692307692307 0.12259615384615384
6 0.8774038461538461 0.7355769230769231 0.07692307692307693 0.12980769230769232
6 0.7596153846153846 0.052884615384615384 0.052884615384615384 0.10576923076923077
4 0.6754807692307693 0.052884615384615384 0.04326923076923077 0.09615384615384616
4 0.6838942307692307 0.13341346153846154 0.040865384615384616 0.09375
4 0.6971153846153846 0.21634615384615385 0.04326923076923077 0.09615384615384616
4 0.7079326923076923 0.29927884615384615 0.04567307692307692 0.0985576923076923
4 0.7223557692307693 0.3954326923076923 0.05048076923076923 0.0985576923076923
4 0.7367788461538461 0.5060096153846154 0.055288461538461536 0.10336538461538461
4 0.7548076923076923 0.6153846153846154 0.052884615384615384 0.11057692307692307
4 0.7728365384615384 0.7391826923076923 0.055288461538461536 0.10817307692307693
11 0.19831730769230768 0.2668269230769231 0.06490384615384616 0.17307692307692307
8 0.1875 0.35336538461538464 0.07211538461538461 0.1971153846153846
7 0.20192307692307693 0.18870192307692307 0.052884615384615384 0.13701923076923078
7 0.1778846153846154 0.4807692307692308 0.057692307692307696 0.12980769230769232
9 0.21754807692307693 0.11177884615384616 0.055288461538461536 0.12740384615384615
9 0.18629807692307693 0.5973557692307693 0.06490384615384616 0.14182692307692307
12 0.16105769230769232 0.7451923076923077 0.07211538461538461 0.1346153846153846
12 0.21634615384615385 0.04447115384615385 0.04807692307692308 0.0889423076923077
10 0.29447115384615385 0.12620192307692307 0.04567307692307692 0.0985576923076923
10 0.29447115384615385 0.046875 0.04567307692307692 0.09375
10 0.29447115384615385 0.21033653846153846 0.04567307692307692 0.0985576923076923
10 0.29086538461538464 0.29927884615384615 0.04807692307692308 0.10336538461538461
10 0.29086538461538464 0.4014423076923077 0.04807692307692308 0.10096153846153846
10 0.2848557692307692 0.5060096153846154 0.05048076923076923 0.0985576923076923
10 0.28365384615384615 0.6081730769230769 0.052884615384615384 0.10576923076923077
10 0.27524038461538464 0.734375 0.06490384615384616 0.11298076923076923