5 0.8040865384615384 0.26322115384615385 0.06971153846153846 0.1658653846153846
2 0.8125 0.33774038461538464 0.07692307692307693 0.18990384615384615
1 0.8341346153846154 0.4639423076923077 0.0625 0.13942307692307693
1 0.7752403846153846 0.17548076923076922 0.055288461538461536 0.12980769230769232
3 0.7644230769230769 0.09615384615384616 0.057692307692307696 0.1201923076923077
3 0.8497596153846154 0.5817307692307693 0.07451923076923077 0.125
6 0.8653846153846154 0.7127403846153846 0.07211538461538461 0.13221153846153846
6 0.7632211538461539 0.039663461538461536 0.05048076923076923 0.07932692307692307
4 0.6778846153846154 0.039663461538461536 0.04326923076923077 0.07932692307692307
4 0.6838942307692307 0.10817307692307693 0.040865384615384616 0.09615384615384616
4 0.6971153846153846 0.1935096153846154 0.04326923076923077 0.0985576923076923
4 0.7043269230769231 0.27524038461538464 0.04326923076923077 0.0985576923076923
4 0.7163461538461539 0.37259615384615385 0.04807692307692308 0.10096153846153846
4 0.7283653846153846 0.4831730769230769 0.052884615384615384 0.10576923076923077
4 0.7439903846153846 0.5925480769230769 0.05048076923076923 0.11298076923076923
4 0.7596153846153846 0.71875 0.052884615384615384 0.11057692307692307
11 0.19110576923076922 0.25721153846153844 0.06009615384615385 0.17307692307692307
8 0.1778846153846154 0.3449519230769231 0.0673076923076923 0.19951923076923078
7 0.1971153846153846 0.17908653846153846 0.04807692307692308 0.13701923076923078
7 0.16346153846153846 0.4735576923076923 0.057692307692307696 0.1346153846153846
9 0.21394230769230768 0.0985576923076923 0.052884615384615384 0.12980769230769232
9 0.17067307692307693 0.5925480769230769 0.0625 0.14182692307692307
12 0.14302884615384615 0.7427884615384616 0.06971153846153846 0.13942307692307693
12 0.21634615384615385 0.039663461538461536 0.04807692307692308 0.07932692307692307
10 0.29086538461538464 0.11177884615384616 0.04326923076923077 0.0985576923076923
10 0.29447115384615385 0.039663461538461536 0.040865384615384616 0.07932692307692307
10 0.28846153846153844 0.19831730769230768 0.04326923076923077 0.0985576923076923
10 0.2824519230769231 0.28725961538461536 0.04567307692307692 0.10336538461538461
10 0.2824519230769231 0.3894230769230769 0.04567307692307692 0.10096153846153846
10 0.27163461538461536 0.4987980769230769 0.04807692307692308 0.0985576923076923
10 0.2704326923076923 0.6021634615384616 0.05048076923076923 0.10817307692307693
10 0.25721153846153844 0.7283653846153846 0.0625 0.11538461538461539