10 0.7319711538461539 0.15504807692307693 0.06490384615384616 0.11298076923076923
7 0.5685096153846154 0.42788461538461536 0.06490384615384616 0.14423076923076922
8 0.8497596153846154 0.2956730769230769 0.08413461538461539 0.21153846153846154
11 0.6598557692307693 0.13942307692307693 0.06971153846153846 0.18269230769230768
12 0.5733173076923077 0.33533653846153844 0.06490384615384616 0.13221153846153846
9 0.5673076923076923 0.6526442307692307 0.07211538461538461 0.16105769230769232
10 0.7548076923076923 0.328125 0.0625 0.12259615384615384
10 0.6646634615384616 0.5600961538461539 0.06490384615384616 0.125
6 0.7355769230769231 0.06009615384615385 0.0625 0.1201923076923077
3 0.7788461538461539 0.6442307692307693 0.07692307692307693 0.16346153846153846
2 0.22956730769230768 0.3004807692307692 0.0985576923076923 0.21153846153846154
4 0.47596153846153844 0.6694711538461539 0.0625 0.12259615384615384
4 0.4170673076923077 0.34975961538461536 0.055288461538461536 0.11778846153846154
4 0.40384615384615385 0.5432692307692307 0.0625 0.12980769230769232