10 0.7632211538461539 0.14543269230769232 0.06490384615384616 0.11778846153846154
7 0.5805288461538461 0.42788461538461536 0.06490384615384616 0.14903846153846154
8 0.8786057692307693 0.2920673076923077 0.08413461538461539 0.21875
11 0.6862980769230769 0.12860576923076922 0.06971153846153846 0.18990384615384615
12 0.5901442307692307 0.3317307692307692 0.06490384615384616 0.13942307692307693
9 0.5697115384615384 0.6598557692307693 0.07211538461538461 0.1658653846153846
10 0.7800480769230769 0.32572115384615385 0.06009615384615385 0.12740384615384615
10 0.6742788461538461 0.5649038461538461 0.06490384615384616 0.12980769230769232
6 0.7692307692307693 0.055288461538461536 0.0625 0.11057692307692307
3 0.7896634615384616 0.6550480769230769 0.07451923076923077 0.17067307692307693
2 0.234375 0.29086538461538464 0.0985576923076923 0.22115384615384615
4 0.4735576923076923 0.6790865384615384 0.0625 0.12740384615384615
4 0.4266826923076923 0.34375 0.055288461538461536 0.1201923076923077
4 0.40625 0.5456730769230769 0.0625 0.1346153846153846