7 0.45552884615384615 0.42788461538461536 0.06490384615384616 0.14903846153846154
12 0.45072115384615385 0.3317307692307692 0.06971153846153846 0.13942307692307693
11 0.3557692307692308 0.13942307692307693 0.07211538461538461 0.18269230769230768
9 0.47596153846153844 0.6466346153846154 0.08173076923076923 0.14903846153846154
10 0.3737980769230769 0.5612980769230769 0.06009615384615385 0.13221153846153846
10 0.28365384615384615 0.16466346153846154 0.052884615384615384 0.10817307692307693
10 0.26802884615384615 0.33413461538461536 0.06490384615384616 0.11538461538461539
8 0.17067307692307693 0.30288461538461536 0.08653846153846154 0.21634615384615385
6 0.2776442307692308 0.06490384615384616 0.06009615384615385 0.12980769230769232
3 0.2536057692307692 0.6442307692307693 0.0889423076923077 0.16826923076923078
2 0.7884615384615384 0.28725961538461536 0.09134615384615384 0.20432692307692307
4 0.6045673076923077 0.3389423076923077 0.055288461538461536 0.11538461538461539
4 0.44591346153846156 0.5360576923076923 0.06009615384615385 0.1201923076923077
4 0.5649038461538461 0.6646634615384616 0.0625 0.11778846153846154