7 0.5492788461538461 0.4098557692307692 0.06971153846153846 0.15625
12 0.5552884615384616 0.31009615384615385 0.07211538461538461 0.14423076923076922
11 0.6526442307692307 0.109375 0.07451923076923077 0.18990384615384615
9 0.5288461538461539 0.6370192307692307 0.08173076923076923 0.15384615384615385
10 0.6358173076923077 0.5456730769230769 0.06009615384615385 0.1346153846153846
10 0.7271634615384616 0.13341346153846154 0.055288461538461536 0.11298076923076923
10 0.7439903846153846 0.31009615384615385 0.06490384615384616 0.1201923076923077
8 0.84375 0.27524038461538464 0.09134615384615384 0.22355769230769232
6 0.7319711538461539 0.04927884615384615 0.06490384615384616 0.0985576923076923
3 0.7608173076923077 0.6298076923076923 0.0889423076923077 0.17307692307692307
2 0.20432692307692307 0.27163461538461536 0.09134615384615384 0.21153846153846154
4 0.3942307692307692 0.32091346153846156 0.057692307692307696 0.11778846153846154
4 0.5588942307692307 0.5228365384615384 0.06009615384615385 0.12259615384615384
4 0.4375 0.6586538461538461 0.0625 0.1201923076923077