7 0.5444711538461539 0.42788461538461536 0.06490384615384616 0.14903846153846154
12 0.5492788461538461 0.3317307692307692 0.06971153846153846 0.13942307692307693
11 0.6442307692307693 0.13942307692307693 0.07211538461538461 0.18269230769230768
9 0.5240384615384616 0.6466346153846154 0.08173076923076923 0.14903846153846154
10 0.6262019230769231 0.5612980769230769 0.06009615384615385 0.13221153846153846
10 0.7163461538461539 0.16466346153846154 0.052884615384615384 0.10817307692307693
10 0.7319711538461539 0.33413461538461536 0.06490384615384616 0.11538461538461539
8 0.8293269230769231 0.30288461538461536 0.08653846153846154 0.21634615384615385
6 0.7223557692307693 0.06490384615384616 0.06009615384615385 0.12980769230769232
3 0.7463942307692307 0.6442307692307693 0.0889423076923077 0.16826923076923078
2 0.21153846153846154 0.28725961538461536 0.09134615384615384 0.20432692307692307
4 0.3954326923076923 0.3389423076923077 0.055288461538461536 0.11538461538461539
4 0.5540865384615384 0.5360576923076923 0.06009615384615385 0.1201923076923077
4 0.43509615384615385 0.6646634615384616 0.0625 0.11778846153846154