2 0.2800480769230769 0.2704326923076923 0.0985576923076923 0.22355769230769232
11 0.22355769230769232 0.0889423076923077 0.09134615384615384 0.1778846153846154
7 0.5516826923076923 0.40384615384615385 0.06971153846153846 0.16346153846153846
12 0.5564903846153846 0.3016826923076923 0.07932692307692307 0.1466346153846154
6 0.7259615384615384 0.040865384615384616 0.0673076923076923 0.08173076923076923
8 0.8461538461538461 0.26322115384615385 0.09615384615384616 0.2283653846153846
10 0.7235576923076923 0.11057692307692307 0.0673076923076923 0.1201923076923077
10 0.6502403846153846 0.5384615384615384 0.06971153846153846 0.125
10 0.7475961538461539 0.296875 0.0625 0.12740384615384615
4 0.6550480769230769 0.4098557692307692 0.06490384615384616 0.12259615384615384
4 0.390625 0.30528846153846156 0.06490384615384616 0.125
4 0.45072115384615385 0.6526442307692307 0.06009615384615385 0.12740384615384615