2 0.2920673076923077 0.3173076923076923 0.09375 0.21634615384615385
11 0.24759615384615385 0.13822115384615385 0.08653846153846154 0.18028846153846154
7 0.5480769230769231 0.4411057692307692 0.0673076923076923 0.15625
12 0.5576923076923077 0.34134615384615385 0.07692307692307693 0.14423076923076922
6 0.7355769230769231 0.06610576923076923 0.0625 0.12259615384615384
8 0.8401442307692307 0.3004807692307692 0.09375 0.22115384615384615
10 0.7295673076923077 0.15504807692307693 0.06490384615384616 0.11778846153846154
10 0.6358173076923077 0.5697115384615384 0.06490384615384616 0.1201923076923077
10 0.7439903846153846 0.33413461538461536 0.06009615384615385 0.125
4 0.6490384615384616 0.44471153846153844 0.0625 0.1201923076923077
4 0.39663461538461536 0.3485576923076923 0.0625 0.1201923076923077
4 0.4387019230769231 0.6838942307692307 0.06009615384615385 0.12259615384615384