2 0.2824519230769231 0.3161057692307692 0.09375 0.21875
11 0.23197115384615385 0.13701923076923078 0.0889423076923077 0.18269230769230768
7 0.546875 0.43990384615384615 0.06490384615384616 0.15865384615384615
12 0.5516826923076923 0.34134615384615385 0.07451923076923077 0.14423076923076922
6 0.7199519230769231 0.06490384615384616 0.06490384615384616 0.1201923076923077
8 0.8341346153846154 0.29927884615384615 0.09134615384615384 0.22355769230769232
10 0.7163461538461539 0.15264423076923078 0.0625 0.11778846153846154
10 0.640625 0.5697115384615384 0.06490384615384616 0.1201923076923077
10 0.7391826923076923 0.33413461538461536 0.06009615384615385 0.125
4 0.6478365384615384 0.44471153846153844 0.06009615384615385 0.1201923076923077
4 0.390625 0.3473557692307692 0.06009615384615385 0.12259615384615384
4 0.44591346153846156 0.6850961538461539 0.06009615384615385 0.125