2 0.7740384615384616 0.28365384615384615 0.09615384615384616 0.22115384615384615
12 0.41346153846153844 0.3125 0.07211538461538461 0.14903846153846154
9 0.3293269230769231 0.4050480769230769 0.07692307692307693 0.16105769230769232
7 0.4254807692307692 0.41586538461538464 0.0673076923076923 0.16826923076923078
11 0.31490384615384615 0.10216346153846154 0.07692307692307693 0.19471153846153846
8 0.125 0.2692307692307692 0.09134615384615384 0.23557692307692307
10 0.23677884615384615 0.12740384615384615 0.06490384615384616 0.11538461538461539
10 0.22596153846153846 0.31009615384615385 0.0625 0.125
10 0.33533653846153844 0.5528846153846154 0.06490384615384616 0.12980769230769232
6 0.23076923076923078 0.04807692307692308 0.07211538461538461 0.09615384615384616
4 0.5841346153846154 0.3269230769230769 0.0625 0.12980769230769232
4 0.41586538461538464 0.5336538461538461 0.0673076923076923 0.1201923076923077
4 0.5420673076923077 0.6706730769230769 0.06971153846153846 0.12980769230769232