2 0.2283653846153846 0.28125 0.09134615384615384 0.21634615384615385
12 0.5853365384615384 0.3173076923076923 0.06971153846153846 0.14423076923076922
9 0.6706730769230769 0.4098557692307692 0.07211538461538461 0.15625
7 0.5769230769230769 0.4170673076923077 0.0625 0.1658653846153846
11 0.6754807692307693 0.11298076923076923 0.07211538461538461 0.1875
8 0.8665865384615384 0.2800480769230769 0.08413461538461539 0.2283653846153846
10 0.7524038461538461 0.13581730769230768 0.0625 0.11298076923076923
10 0.7704326923076923 0.3173076923076923 0.06009615384615385 0.1201923076923077
10 0.6706730769230769 0.5540865384615384 0.0625 0.12740384615384615
6 0.7536057692307693 0.052884615384615384 0.06971153846153846 0.10576923076923077
4 0.4182692307692308 0.3269230769230769 0.057692307692307696 0.125
4 0.5913461538461539 0.5336538461538461 0.0625 0.11538461538461539
4 0.4699519230769231 0.6658653846153846 0.06490384615384616 0.125