2 0.7608173076923077 0.3016826923076923 0.0889423076923077 0.2091346153846154
12 0.41586538461538464 0.33533653846153844 0.0673076923076923 0.14182692307692307
9 0.3317307692307692 0.42427884615384615 0.0673076923076923 0.15144230769230768
7 0.4230769230769231 0.43149038461538464 0.0625 0.16105769230769232
11 0.3293269230769231 0.1346153846153846 0.07211538461538461 0.18269230769230768
8 0.14182692307692307 0.2956730769230769 0.08653846153846154 0.22115384615384615
10 0.2536057692307692 0.15865384615384615 0.06009615384615385 0.11057692307692307
10 0.23557692307692307 0.3329326923076923 0.057692307692307696 0.11778846153846154
10 0.33052884615384615 0.5625 0.06009615384615385 0.125
6 0.25240384615384615 0.06490384615384616 0.0673076923076923 0.12980769230769232
4 0.5757211538461539 0.3449519230769231 0.055288461538461536 0.12259615384615384
4 0.40865384615384615 0.5444711538461539 0.0625 0.11298076923076923
4 0.5252403846153846 0.671875 0.06490384615384616 0.12259615384615384