5 0.19110576923076922 0.2776442307692308 0.07451923076923077 0.16105769230769232
2 0.1875 0.35336538461538464 0.07692307692307693 0.1971153846153846
1 0.27403846153846156 0.6129807692307693 0.057692307692307696 0.14423076923076922
1 0.22235576923076922 0.18870192307692307 0.055288461538461536 0.14182692307692307
12 0.14182692307692307 0.7355769230769231 0.07692307692307693 0.14423076923076922
12 0.23076923076923078 0.05048076923076923 0.057692307692307696 0.10096153846153846
3 0.5516826923076923 0.38100961538461536 0.06009615384615385 0.13701923076923078
3 0.38822115384615385 0.1045673076923077 0.05048076923076923 0.13701923076923078
4 0.3112980769230769 0.1201923076923077 0.040865384615384616 0.08653846153846154
4 0.31850961538461536 0.040865384615384616 0.05048076923076923 0.08173076923076923
4 0.27283653846153844 0.5012019230769231 0.05048076923076923 0.10336538461538461
4 0.2824519230769231 0.3894230769230769 0.05048076923076923 0.10576923076923077
4 0.30408653846153844 0.20432692307692307 0.04567307692307692 0.10576923076923077
4 0.4699519230769231 0.2824519230769231 0.040865384615384616 0.10817307692307693
4 0.37259615384615385 0.6141826923076923 0.052884615384615384 0.11298076923076923
4 0.34375 0.7415865384615384 0.057692307692307696 0.11778846153846154
12 0.7908653846153846 0.039663461538461536 0.057692307692307696 0.07932692307692307
12 0.7548076923076923 0.7451923076923077 0.07211538461538461 0.13942307692307693
8 0.8329326923076923 0.3473557692307692 0.07932692307692307 0.20432692307692307
11 0.8161057692307693 0.25841346153846156 0.07932692307692307 0.17548076923076922
7 0.8473557692307693 0.4795673076923077 0.06971153846153846 0.1466346153846154
7 0.6286057692307693 0.040865384615384616 0.055288461538461536 0.08173076923076923
9 0.6286057692307693 0.17307692307692307 0.06009615384615385 0.13942307692307693
9 0.8413461538461539 0.5961538461538461 0.07692307692307693 0.14423076923076922
10 0.5492788461538461 0.7391826923076923 0.06009615384615385 0.11298076923076923
10 0.7391826923076923 0.5012019230769231 0.05048076923076923 0.10336538461538461
10 0.7415865384615384 0.6105769230769231 0.06009615384615385 0.11057692307692307
10 0.7247596153846154 0.39783653846153844 0.05048076923076923 0.10817307692307693
10 0.5528846153846154 0.28365384615384615 0.04807692307692308 0.10096153846153846
10 0.5576923076923077 0.11658653846153846 0.04807692307692308 0.0985576923076923
10 0.7151442307692307 0.19831730769230768 0.04567307692307692 0.10817307692307693
10 0.7091346153846154 0.042067307692307696 0.04807692307692308 0.08413461538461539