5 0.8149038461538461 0.29086538461538464 0.07211538461538461 0.16346153846153846
2 0.8197115384615384 0.36778846153846156 0.07692307692307693 0.1971153846153846
1 0.734375 0.6262019230769231 0.06009615384615385 0.1466346153846154
1 0.7836538461538461 0.20072115384615385 0.052884615384615384 0.14182692307692307
12 0.8677884615384616 0.7512019230769231 0.07692307692307693 0.1466346153846154
12 0.7740384615384616 0.06370192307692307 0.052884615384615384 0.0985576923076923
3 0.453125 0.38822115384615385 0.06009615384615385 0.13701923076923078
3 0.6153846153846154 0.11298076923076923 0.052884615384615384 0.13942307692307693
4 0.6923076923076923 0.1310096153846154 0.04326923076923077 0.0889423076923077
4 0.6862980769230769 0.051682692307692304 0.04567307692307692 0.07932692307692307
4 0.734375 0.5144230769230769 0.05048076923076923 0.10576923076923077
4 0.7247596153846154 0.4014423076923077 0.05048076923076923 0.10576923076923077
4 0.703125 0.21394230769230768 0.04567307692307692 0.10576923076923077
4 0.5336538461538461 0.29086538461538464 0.04326923076923077 0.11057692307692307
4 0.6346153846153846 0.625 0.052884615384615384 0.11538461538461539
4 0.6634615384615384 0.7560096153846154 0.057692307692307696 0.12259615384615384
12 0.2091346153846154 0.042067307692307696 0.057692307692307696 0.07932692307692307
12 0.2512019230769231 0.7512019230769231 0.06971153846153846 0.14182692307692307
8 0.17067307692307693 0.34975961538461536 0.08173076923076923 0.2091346153846154
11 0.18629807692307693 0.2608173076923077 0.07932692307692307 0.17548076923076922
7 0.15625 0.48197115384615385 0.0673076923076923 0.1466346153846154
7 0.3762019230769231 0.04807692307692308 0.055288461538461536 0.08173076923076923
9 0.3762019230769231 0.17908653846153846 0.06009615384615385 0.14182692307692307
9 0.16346153846153846 0.6009615384615384 0.07692307692307693 0.14903846153846154
10 0.4567307692307692 0.7487980769230769 0.057692307692307696 0.11298076923076923
10 0.26802884615384615 0.5072115384615384 0.05048076923076923 0.10576923076923077
10 0.26322115384615385 0.6165865384615384 0.06009615384615385 0.11298076923076923
10 0.2800480769230769 0.4014423076923077 0.05048076923076923 0.11057692307692307
10 0.45072115384615385 0.28966346153846156 0.04567307692307692 0.10336538461538461
10 0.44471153846153844 0.12259615384615384 0.04807692307692308 0.10096153846153846
10 0.28725961538461536 0.203125 0.04567307692307692 0.10817307692307693
10 0.2932692307692308 0.04567307692307692 0.04807692307692308 0.08173076923076923