5 0.7980769230769231 0.31490384615384615 0.07211538461538461 0.16346153846153846
2 0.8052884615384616 0.3918269230769231 0.07692307692307693 0.1971153846153846
1 0.7259615384615384 0.6490384615384616 0.057692307692307696 0.14423076923076922
1 0.7632211538461539 0.2247596153846154 0.055288461538461536 0.14182692307692307
12 0.8629807692307693 0.7728365384615384 0.07692307692307693 0.1466346153846154
12 0.7487980769230769 0.07572115384615384 0.05048076923076923 0.12259615384615384
3 0.4411057692307692 0.41586538461538464 0.06009615384615385 0.13942307692307693
3 0.59375 0.140625 0.052884615384615384 0.13701923076923078
4 0.671875 0.15745192307692307 0.040865384615384616 0.0889423076923077
4 0.6622596153846154 0.0673076923076923 0.04567307692307692 0.10096153846153846
4 0.7247596153846154 0.5372596153846154 0.05048076923076923 0.10336538461538461
4 0.7091346153846154 0.4254807692307692 0.052884615384615384 0.10576923076923077
4 0.6814903846153846 0.2403846153846154 0.04567307692307692 0.10576923076923077
4 0.5192307692307693 0.3173076923076923 0.04326923076923077 0.11057692307692307
4 0.6274038461538461 0.6490384615384616 0.052884615384615384 0.11538461538461539
4 0.6610576923076923 0.7788461538461539 0.057692307692307696 0.1201923076923077
12 0.18870192307692307 0.057692307692307696 0.06009615384615385 0.11057692307692307
12 0.25 0.7788461538461539 0.07211538461538461 0.13942307692307693
8 0.15865384615384615 0.38100961538461536 0.08173076923076923 0.20432692307692307
11 0.17067307692307693 0.2920673076923077 0.07692307692307693 0.17548076923076922
7 0.14903846153846154 0.5132211538461539 0.0673076923076923 0.1466346153846154
7 0.35216346153846156 0.06009615384615385 0.055288461538461536 0.11538461538461539
9 0.35697115384615385 0.2091346153846154 0.06009615384615385 0.13942307692307693
9 0.15865384615384615 0.6310096153846154 0.07692307692307693 0.1466346153846154
10 0.45552884615384615 0.7728365384615384 0.06009615384615385 0.11298076923076923
10 0.25841346153846156 0.5372596153846154 0.05048076923076923 0.10336538461538461
10 0.25961538461538464 0.6466346153846154 0.0625 0.11057692307692307
10 0.26802884615384615 0.43149038461538464 0.05048076923076923 0.10817307692307693
10 0.43509615384615385 0.3173076923076923 0.04807692307692308 0.10096153846153846
10 0.42427884615384615 0.1502403846153846 0.04567307692307692 0.0985576923076923
10 0.27163461538461536 0.23317307692307693 0.04807692307692308 0.10576923076923077
10 0.27163461538461536 0.06370192307692307 0.04807692307692308 0.10817307692307693