8 0.15625 0.390625 0.07692307692307693 0.20432692307692307
12 0.19471153846153846 0.07572115384615384 0.057692307692307696 0.12740384615384615
7 0.18509615384615385 0.13581730769230768 0.0625 0.15144230769230768
7 0.1346153846153846 0.6514423076923077 0.07692307692307693 0.14423076923076922
9 0.15625 0.53125 0.0625 0.13942307692307693
9 0.3449519230769231 0.3173076923076923 0.055288461538461536 0.1346153846153846
11 0.34134615384615385 0.13581730769230768 0.0673076923076923 0.17548076923076922
10 0.41225961538461536 0.07692307692307693 0.05048076923076923 0.11057692307692307
10 0.41346153846153844 0.23798076923076922 0.052884615384615384 0.10576923076923077
10 0.2704326923076923 0.15264423076923078 0.05048076923076923 0.10817307692307693
10 0.25721153846153844 0.32572115384615385 0.052884615384615384 0.10817307692307693
10 0.25600961538461536 0.42788461538461536 0.06009615384615385 0.11057692307692307
10 0.23918269230769232 0.6526442307692307 0.06490384615384616 0.11778846153846154
5 0.5144230769230769 0.41225961538461536 0.0625 0.18509615384615385
1 0.35096153846153844 0.53125 0.0625 0.14903846153846154
3 0.5901442307692307 0.3293269230769231 0.06009615384615385 0.14423076923076922
3 0.6298076923076923 0.6454326923076923 0.0673076923076923 0.1658653846153846
2 0.7692307692307693 0.29086538461538464 0.08173076923076923 0.1971153846153846
1 0.6502403846153846 0.07932692307692307 0.055288461538461536 0.13942307692307693
6 0.7307692307692307 0.0829326923076923 0.057692307692307696 0.12740384615384615
6 0.7992788461538461 0.5360576923076923 0.06971153846153846 0.14423076923076922
4 0.7319711538461539 0.7800480769230769 0.06009615384615385 0.11298076923076923
4 0.6802884615384616 0.3389423076923077 0.052884615384615384 0.10576923076923077
4 0.5757211538461539 0.16947115384615385 0.05048076923076923 0.11298076923076923
4 0.5096153846153846 0.2536057692307692 0.04807692307692308 0.10817307692307693
4 0.6009615384615384 0.5288461538461539 0.052884615384615384 0.11538461538461539
4 0.5324519230769231 0.6610576923076923 0.055288461538461536 0.1201923076923077