8 0.8353365384615384 0.42788461538461536 0.08413461538461539 0.21153846153846154
12 0.8088942307692307 0.10216346153846154 0.06490384615384616 0.13221153846153846
7 0.8185096153846154 0.16346153846153846 0.06490384615384616 0.15384615384615385
7 0.8461538461538461 0.6947115384615384 0.08173076923076923 0.14903846153846154
9 0.8293269230769231 0.5721153846153846 0.0673076923076923 0.14423076923076922
9 0.6442307692307693 0.3425480769230769 0.057692307692307696 0.13701923076923078
11 0.65625 0.15985576923076922 0.07211538461538461 0.18028846153846154
10 0.5853365384615384 0.09495192307692307 0.055288461538461536 0.11298076923076923
10 0.578125 0.2608173076923077 0.055288461538461536 0.10817307692307693
10 0.7271634615384616 0.17908653846153846 0.05048076923076923 0.11298076923076923
10 0.734375 0.35697115384615385 0.055288461538461536 0.11298076923076923
10 0.7331730769230769 0.46033653846153844 0.0625 0.11298076923076923
10 0.7403846153846154 0.6935096153846154 0.0673076923076923 0.11778846153846154
5 0.4675480769230769 0.43509615384615385 0.06971153846153846 0.19230769230769232
1 0.6274038461538461 0.5649038461538461 0.0673076923076923 0.15384615384615385
3 0.3918269230769231 0.3485576923076923 0.0673076923076923 0.14903846153846154
3 0.3389423076923077 0.671875 0.07211538461538461 0.17067307692307693
2 0.21153846153846154 0.3016826923076923 0.08653846153846154 0.20432692307692307
1 0.34375 0.09014423076923077 0.057692307692307696 0.14182692307692307
6 0.25961538461538464 0.0889423076923077 0.0625 0.12980769230769232
6 0.16947115384615385 0.5528846153846154 0.07451923076923077 0.14903846153846154
4 0.2283653846153846 0.8040865384615384 0.0673076923076923 0.11778846153846154
4 0.3016826923076923 0.3545673076923077 0.055288461538461536 0.10817307692307693
4 0.41586538461538464 0.18389423076923078 0.052884615384615384 0.11298076923076923
4 0.47716346153846156 0.27403846153846156 0.05048076923076923 0.11057692307692307
4 0.375 0.5528846153846154 0.057692307692307696 0.1201923076923077
4 0.4375 0.6899038461538461 0.057692307692307696 0.125