8 0.8545673076923077 0.39903846153846156 0.08413461538461539 0.21634615384615385
12 0.8233173076923077 0.06850961538461539 0.06490384615384616 0.13221153846153846
7 0.8329326923076923 0.1310096153846154 0.06490384615384616 0.15625
7 0.8677884615384616 0.671875 0.08173076923076923 0.15144230769230768
9 0.8509615384615384 0.546875 0.0673076923076923 0.1466346153846154
9 0.6586538461538461 0.31850961538461536 0.057692307692307696 0.14182692307692307
11 0.6682692307692307 0.1310096153846154 0.07211538461538461 0.18509615384615385
10 0.5949519230769231 0.0673076923076923 0.055288461538461536 0.11538461538461539
10 0.5901442307692307 0.23557692307692307 0.055288461538461536 0.11057692307692307
10 0.7415865384615384 0.14903846153846154 0.05048076923076923 0.11538461538461539
10 0.7512019230769231 0.33052884615384615 0.055288461538461536 0.11298076923076923
10 0.7475961538461539 0.4375 0.0625 0.11538461538461539
10 0.7596153846153846 0.6730769230769231 0.0673076923076923 0.1201923076923077
5 0.47836538461538464 0.4182692307692308 0.0673076923076923 0.1971153846153846
1 0.6442307692307693 0.546875 0.0673076923076923 0.15625
3 0.4014423076923077 0.3317307692307692 0.0673076923076923 0.15384615384615385
3 0.35096153846153844 0.6634615384615384 0.07211538461538461 0.17307692307692307
2 0.21634615384615385 0.29086538461538464 0.08653846153846154 0.20673076923076922
1 0.3473557692307692 0.07451923076923077 0.06009615384615385 0.1346153846153846
6 0.2620192307692308 0.0733173076923077 0.0625 0.12740384615384615
6 0.17668269230769232 0.5480769230769231 0.07451923076923077 0.15384615384615385
4 0.23918269230769232 0.8028846153846154 0.06490384615384616 0.1201923076923077
4 0.3076923076923077 0.34134615384615385 0.052884615384615384 0.11057692307692307
4 0.4230769230769231 0.1622596153846154 0.052884615384615384 0.11778846153846154
4 0.48677884615384615 0.25240384615384615 0.05048076923076923 0.11538461538461539
4 0.38461538461538464 0.5408653846153846 0.057692307692307696 0.1201923076923077
4 0.4519230769230769 0.6778846153846154 0.057692307692307696 0.125