8 0.16466346153846154 0.42788461538461536 0.08413461538461539 0.21153846153846154
12 0.19110576923076922 0.10216346153846154 0.06490384615384616 0.13221153846153846
7 0.1814903846153846 0.16346153846153846 0.06490384615384616 0.15384615384615385
7 0.15384615384615385 0.6947115384615384 0.08173076923076923 0.14903846153846154
9 0.17067307692307693 0.5721153846153846 0.0673076923076923 0.14423076923076922
9 0.3557692307692308 0.3425480769230769 0.057692307692307696 0.13701923076923078
11 0.34375 0.15985576923076922 0.07211538461538461 0.18028846153846154
10 0.41466346153846156 0.09495192307692307 0.055288461538461536 0.11298076923076923
10 0.421875 0.2608173076923077 0.055288461538461536 0.10817307692307693
10 0.27283653846153844 0.17908653846153846 0.05048076923076923 0.11298076923076923
10 0.265625 0.35697115384615385 0.055288461538461536 0.11298076923076923
10 0.2668269230769231 0.46033653846153844 0.0625 0.11298076923076923
10 0.25961538461538464 0.6935096153846154 0.0673076923076923 0.11778846153846154
5 0.5324519230769231 0.43509615384615385 0.06971153846153846 0.19230769230769232
1 0.37259615384615385 0.5649038461538461 0.0673076923076923 0.15384615384615385
3 0.6081730769230769 0.3485576923076923 0.0673076923076923 0.14903846153846154
3 0.6610576923076923 0.671875 0.07211538461538461 0.17067307692307693
2 0.7884615384615384 0.3016826923076923 0.08653846153846154 0.20432692307692307
1 0.65625 0.09014423076923077 0.057692307692307696 0.14182692307692307
6 0.7403846153846154 0.0889423076923077 0.0625 0.12980769230769232
6 0.8305288461538461 0.5528846153846154 0.07451923076923077 0.14903846153846154
4 0.7716346153846154 0.8040865384615384 0.0673076923076923 0.11778846153846154
4 0.6983173076923077 0.3545673076923077 0.055288461538461536 0.10817307692307693
4 0.5841346153846154 0.18389423076923078 0.052884615384615384 0.11298076923076923
4 0.5228365384615384 0.27403846153846156 0.05048076923076923 0.11057692307692307
4 0.625 0.5528846153846154 0.057692307692307696 0.1201923076923077
4 0.5625 0.6899038461538461 0.057692307692307696 0.125