6 0.13221153846153846 0.8269230769230769 0.07692307692307693 0.13942307692307693
6 0.2668269230769231 0.09254807692307693 0.057692307692307696 0.11298076923076923
5 0.28966346153846156 0.4375 0.06971153846153846 0.1778846153846154
2 0.22235576923076922 0.31971153846153844 0.08413461538461539 0.20192307692307693
3 0.17307692307692307 0.5757211538461539 0.07692307692307693 0.13701923076923078
3 0.3942307692307692 0.3629807692307692 0.0625 0.13942307692307693
1 0.25600961538461536 0.171875 0.06009615384615385 0.14182692307692307
1 0.4855769230769231 0.35096153846153844 0.052884615384615384 0.14423076923076922
4 0.2439903846153846 0.828125 0.06490384615384616 0.11778846153846154
4 0.31490384615384615 0.36658653846153844 0.04807692307692308 0.10817307692307693
4 0.43028846153846156 0.19110576923076922 0.04807692307692308 0.11298076923076923
4 0.5036057692307693 0.0985576923076923 0.04567307692307692 0.10576923076923077
4 0.49399038461538464 0.2800480769230769 0.04567307692307692 0.10817307692307693
4 0.4699519230769231 0.47115384615384615 0.05048076923076923 0.11057692307692307
4 0.39783653846153844 0.5745192307692307 0.05048076923076923 0.11538461538461539
4 0.453125 0.7019230769230769 0.055288461538461536 0.125
8 0.8545673076923077 0.4230769230769231 0.07932692307692307 0.20192307692307693
9 0.6598557692307693 0.34975961538461536 0.06490384615384616 0.14182692307692307
9 0.8557692307692307 0.5721153846153846 0.07211538461538461 0.13942307692307693
12 0.65625 0.8161057692307693 0.07211538461538461 0.1466346153846154
12 0.8245192307692307 0.09615384615384616 0.052884615384615384 0.125
7 0.8365384615384616 0.16105769230769232 0.057692307692307696 0.14903846153846154
7 0.8701923076923077 0.6947115384615384 0.0673076923076923 0.14903846153846154
11 0.7427884615384616 0.23317307692307693 0.07211538461538461 0.17307692307692307
10 0.7451923076923077 0.1778846153846154 0.04326923076923077 0.11057692307692307
10 0.7548076923076923 0.3545673076923077 0.04807692307692308 0.10817307692307693
10 0.6009615384615384 0.09254807692307693 0.04807692307692308 0.10817307692307693
10 0.5949519230769231 0.2608173076923077 0.05048076923076923 0.11298076923076923
10 0.7548076923076923 0.46033653846153844 0.052884615384615384 0.10817307692307693
10 0.7632211538461539 0.6995192307692307 0.055288461538461536 0.11538461538461539
10 0.5516826923076923 0.8269230769230769 0.06009615384615385 0.1201923076923077
10 0.5745192307692307 0.5889423076923077 0.052884615384615384 0.11538461538461539