6 0.8461538461538461 0.8016826923076923 0.07692307692307693 0.14182692307692307
6 0.7211538461538461 0.06009615384615385 0.057692307692307696 0.11057692307692307
5 0.6923076923076923 0.4110576923076923 0.0673076923076923 0.18269230769230768
2 0.7632211538461539 0.2860576923076923 0.08413461538461539 0.20673076923076922
3 0.8088942307692307 0.546875 0.07451923076923077 0.14182692307692307
3 0.5865384615384616 0.33653846153846156 0.0625 0.14423076923076922
1 0.7307692307692307 0.13581730769230768 0.057692307692307696 0.1466346153846154
1 0.49399038461538464 0.328125 0.05048076923076923 0.1466346153846154
4 0.7331730769230769 0.8064903846153846 0.0625 0.12259615384615384
4 0.6682692307692307 0.33653846153846156 0.04807692307692308 0.11057692307692307
4 0.5540865384615384 0.1622596153846154 0.04567307692307692 0.11778846153846154
4 0.4807692307692308 0.06971153846153846 0.04326923076923077 0.10576923076923077
4 0.48677884615384615 0.2548076923076923 0.04567307692307692 0.11057692307692307
4 0.5072115384615384 0.45072115384615385 0.04807692307692308 0.11298076923076923
4 0.578125 0.5552884615384616 0.05048076923076923 0.1201923076923077
4 0.5192307692307693 0.6875 0.052884615384615384 0.12980769230769232
8 0.1141826923076923 0.41466346153846156 0.07932692307692307 0.2091346153846154
9 0.3161057692307692 0.3317307692307692 0.06009615384615385 0.14423076923076922
9 0.11177884615384616 0.5661057692307693 0.07451923076923077 0.14182692307692307
12 0.3112980769230769 0.8088942307692307 0.06971153846153846 0.15144230769230768
12 0.15264423076923078 0.08173076923076923 0.055288461538461536 0.125
7 0.13701923076923078 0.14543269230769232 0.057692307692307696 0.15144230769230768
7 0.09254807692307693 0.6935096153846154 0.06490384615384616 0.15144230769230768
11 0.23317307692307693 0.21634615384615385 0.07211538461538461 0.1778846153846154
10 0.23076923076923078 0.15985576923076922 0.04326923076923077 0.11298076923076923
10 0.21875 0.34134615384615385 0.04807692307692308 0.11057692307692307
10 0.38221153846153844 0.06971153846153846 0.04807692307692308 0.11057692307692307
10 0.38461538461538464 0.23798076923076922 0.04807692307692308 0.11538461538461539
10 0.21634615384615385 0.4483173076923077 0.052884615384615384 0.11298076923076923
10 0.20432692307692307 0.6935096153846154 0.057692307692307696 0.11778846153846154
10 0.4182692307692308 0.8173076923076923 0.057692307692307696 0.125
10 0.39903846153846156 0.5745192307692307 0.052884615384615384 0.1201923076923077