6 0.8677884615384616 0.8269230769230769 0.07692307692307693 0.13942307692307693
6 0.7331730769230769 0.09254807692307693 0.057692307692307696 0.11298076923076923
5 0.7103365384615384 0.4375 0.06971153846153846 0.1778846153846154
2 0.7776442307692307 0.31971153846153844 0.08413461538461539 0.20192307692307693
3 0.8269230769230769 0.5757211538461539 0.07692307692307693 0.13701923076923078
3 0.6057692307692307 0.3629807692307692 0.0625 0.13942307692307693
1 0.7439903846153846 0.171875 0.06009615384615385 0.14182692307692307
1 0.5144230769230769 0.35096153846153844 0.052884615384615384 0.14423076923076922
4 0.7560096153846154 0.828125 0.06490384615384616 0.11778846153846154
4 0.6850961538461539 0.36658653846153844 0.04807692307692308 0.10817307692307693
4 0.5697115384615384 0.19110576923076922 0.04807692307692308 0.11298076923076923
4 0.4963942307692308 0.0985576923076923 0.04567307692307692 0.10576923076923077
4 0.5060096153846154 0.2800480769230769 0.04567307692307692 0.10817307692307693
4 0.5300480769230769 0.47115384615384615 0.05048076923076923 0.11057692307692307
4 0.6021634615384616 0.5745192307692307 0.05048076923076923 0.11538461538461539
4 0.546875 0.7019230769230769 0.055288461538461536 0.125
8 0.14543269230769232 0.4230769230769231 0.07932692307692307 0.20192307692307693
9 0.3401442307692308 0.34975961538461536 0.06490384615384616 0.14182692307692307
9 0.14423076923076922 0.5721153846153846 0.07211538461538461 0.13942307692307693
12 0.34375 0.8161057692307693 0.07211538461538461 0.1466346153846154
12 0.17548076923076922 0.09615384615384616 0.052884615384615384 0.125
7 0.16346153846153846 0.16105769230769232 0.057692307692307696 0.14903846153846154
7 0.12980769230769232 0.6947115384615384 0.0673076923076923 0.14903846153846154
11 0.25721153846153844 0.23317307692307693 0.07211538461538461 0.17307692307692307
10 0.2548076923076923 0.1778846153846154 0.04326923076923077 0.11057692307692307
10 0.24519230769230768 0.3545673076923077 0.04807692307692308 0.10817307692307693
10 0.39903846153846156 0.09254807692307693 0.04807692307692308 0.10817307692307693
10 0.4050480769230769 0.2608173076923077 0.05048076923076923 0.11298076923076923
10 0.24519230769230768 0.46033653846153844 0.052884615384615384 0.10817307692307693
10 0.23677884615384615 0.6995192307692307 0.055288461538461536 0.11538461538461539
10 0.4483173076923077 0.8269230769230769 0.06009615384615385 0.1201923076923077
10 0.4254807692307692 0.5889423076923077 0.052884615384615384 0.11538461538461539