6 0.16706730769230768 0.8365384615384616 0.08413461538461539 0.14423076923076922
6 0.2704326923076923 0.07692307692307693 0.06009615384615385 0.1201923076923077
5 0.31009615384615385 0.4338942307692308 0.07211538461538461 0.18509615384615385
2 0.23557692307692307 0.3112980769230769 0.09134615384615384 0.2091346153846154
3 0.19591346153846154 0.5769230769230769 0.07932692307692307 0.14423076923076922
3 0.41586538461538464 0.3545673076923077 0.0673076923076923 0.1466346153846154
1 0.2644230769230769 0.15745192307692307 0.0625 0.1466346153846154
1 0.5084134615384616 0.34134615384615385 0.055288461538461536 0.14903846153846154
4 0.2824519230769231 0.8377403846153846 0.06490384615384616 0.12259615384615384
4 0.3329326923076923 0.35697115384615385 0.05048076923076923 0.11298076923076923
4 0.44350961538461536 0.17668269230769232 0.05048076923076923 0.11778846153846154
4 0.515625 0.07932692307692307 0.05048076923076923 0.11057692307692307
4 0.5144230769230769 0.26802884615384615 0.04807692307692308 0.11298076923076923
4 0.4987980769230769 0.4675480769230769 0.05048076923076923 0.11298076923076923
4 0.43028846153846156 0.5745192307692307 0.052884615384615384 0.1201923076923077
4 0.49399038461538464 0.7067307692307693 0.06009615384615385 0.12980769230769232
8 0.8942307692307693 0.41466346153846156 0.08653846153846154 0.2091346153846154
9 0.6887019230769231 0.3389423076923077 0.06490384615384616 0.14903846153846154
9 0.9014423076923077 0.5673076923076923 0.07692307692307693 0.14423076923076922
12 0.7091346153846154 0.8221153846153846 0.07692307692307693 0.15384615384615385
12 0.8461538461538461 0.07572115384615384 0.057692307692307696 0.13221153846153846
7 0.8629807692307693 0.14182692307692307 0.0625 0.15384615384615385
7 0.9242788461538461 0.6959134615384616 0.06971153846153846 0.15144230769230768
11 0.7692307692307693 0.21754807692307693 0.07692307692307693 0.18028846153846154
10 0.7692307692307693 0.15985576923076922 0.04807692307692308 0.11298076923076923
10 0.7872596153846154 0.34375 0.05048076923076923 0.11057692307692307
10 0.6141826923076923 0.0733173076923077 0.05048076923076923 0.11298076923076923
10 0.6177884615384616 0.24879807692307693 0.052884615384615384 0.11778846153846154
10 0.7920673076923077 0.453125 0.055288461538461536 0.11298076923076923
10 0.8125 0.7019230769230769 0.0625 0.1201923076923077
10 0.6009615384615384 0.8341346153846154 0.0625 0.125
10 0.6129807692307693 0.5865384615384616 0.057692307692307696 0.1201923076923077