2 0.23557692307692307 0.3016826923076923 0.08653846153846154 0.21875
6 0.43149038461538464 0.09375 0.06009615384615385 0.1346153846153846
1 0.49278846153846156 0.2403846153846154 0.07211538461538461 0.15865384615384615
4 0.3233173076923077 0.3485576923076923 0.055288461538461536 0.11538461538461539
4 0.39783653846153844 0.546875 0.06009615384615385 0.12259615384615384
4 0.46274038461538464 0.6706730769230769 0.06009615384615385 0.12980769230769232
4 0.5841346153846154 0.19230769230769232 0.057692307692307696 0.1201923076923077
3 0.65625 0.4495192307692308 0.07211538461538461 0.15384615384615385
3 0.7644230769230769 0.6514423076923077 0.07692307692307693 0.16346153846153846
9 0.7764423076923077 0.7980769230769231 0.07692307692307693 0.15384615384615385
12 0.8040865384615384 0.1045673076923077 0.06490384615384616 0.13221153846153846
11 0.65625 0.15985576923076922 0.0673076923076923 0.18028846153846154
8 0.8389423076923077 0.32091346153846156 0.08653846153846154 0.20432692307692307
7 0.5661057692307693 0.4362980769230769 0.06490384615384616 0.16105769230769232
10 0.6538461538461539 0.33774038461538464 0.052884615384615384 0.11298076923076923
10 0.7259615384615384 0.18028846153846154 0.057692307692307696 0.11057692307692307
10 0.7439903846153846 0.34975961538461536 0.06009615384615385 0.12259615384615384
10 0.6526442307692307 0.5733173076923077 0.06971153846153846 0.12740384615384615