2 0.7644230769230769 0.3016826923076923 0.08653846153846154 0.21875
6 0.5685096153846154 0.09375 0.06009615384615385 0.1346153846153846
1 0.5072115384615384 0.2403846153846154 0.07211538461538461 0.15865384615384615
4 0.6766826923076923 0.3485576923076923 0.055288461538461536 0.11538461538461539
4 0.6021634615384616 0.546875 0.06009615384615385 0.12259615384615384
4 0.5372596153846154 0.6706730769230769 0.06009615384615385 0.12980769230769232
4 0.41586538461538464 0.19230769230769232 0.057692307692307696 0.1201923076923077
3 0.34375 0.4495192307692308 0.07211538461538461 0.15384615384615385
3 0.23557692307692307 0.6514423076923077 0.07692307692307693 0.16346153846153846
9 0.22355769230769232 0.7980769230769231 0.07692307692307693 0.15384615384615385
12 0.19591346153846154 0.1045673076923077 0.06490384615384616 0.13221153846153846
11 0.34375 0.15985576923076922 0.0673076923076923 0.18028846153846154
8 0.16105769230769232 0.32091346153846156 0.08653846153846154 0.20432692307692307
7 0.4338942307692308 0.4362980769230769 0.06490384615384616 0.16105769230769232
10 0.34615384615384615 0.33774038461538464 0.052884615384615384 0.11298076923076923
10 0.27403846153846156 0.18028846153846154 0.057692307692307696 0.11057692307692307
10 0.25600961538461536 0.34975961538461536 0.06009615384615385 0.12259615384615384
10 0.3473557692307692 0.5733173076923077 0.06971153846153846 0.12740384615384615