2 0.20793269230769232 0.3112980769230769 0.09375 0.23317307692307693
6 0.4206730769230769 0.08413461538461539 0.0625 0.14423076923076922
1 0.48677884615384615 0.24278846153846154 0.07451923076923077 0.16826923076923078
4 0.3016826923076923 0.3605769230769231 0.06009615384615385 0.125
4 0.3858173076923077 0.5757211538461539 0.06490384615384616 0.13221153846153846
4 0.45552884615384615 0.7067307692307693 0.06490384615384616 0.13942307692307693
4 0.5841346153846154 0.1875 0.0625 0.12980769230769232
3 0.6622596153846154 0.4651442307692308 0.07932692307692307 0.1658653846153846
3 0.7788461538461539 0.6826923076923077 0.08173076923076923 0.17307692307692307
9 0.7920673076923077 0.8401442307692307 0.08413461538461539 0.1658653846153846
12 0.8233173076923077 0.09134615384615384 0.06971153846153846 0.13942307692307693
11 0.6610576923076923 0.15144230769230768 0.07211538461538461 0.19230769230769232
8 0.859375 0.32211538461538464 0.09375 0.22115384615384615
7 0.5661057692307693 0.453125 0.06971153846153846 0.17067307692307693
10 0.6610576923076923 0.3473557692307692 0.057692307692307696 0.12259615384615384
10 0.7379807692307693 0.17307692307692307 0.0625 0.1201923076923077
10 0.7560096153846154 0.3557692307692308 0.06490384615384616 0.12980769230769232
10 0.6598557692307693 0.5997596153846154 0.07451923076923077 0.13701923076923078