2 0.7716346153846154 0.29927884615384615 0.08653846153846154 0.21875
6 0.5697115384615384 0.08774038461538461 0.057692307692307696 0.13221153846153846
1 0.5108173076923077 0.234375 0.06971153846153846 0.15625
4 0.6862980769230769 0.3449519230769231 0.055288461538461536 0.11778846153846154
4 0.6141826923076923 0.5456730769230769 0.06009615384615385 0.125
4 0.5516826923076923 0.6670673076923077 0.06009615384615385 0.12740384615384615
4 0.41947115384615385 0.18509615384615385 0.06009615384615385 0.1201923076923077
3 0.35216346153846156 0.44350961538461536 0.07451923076923077 0.15625
3 0.24759615384615385 0.6442307692307693 0.07692307692307693 0.16346153846153846
9 0.23918269230769232 0.7920673076923077 0.07932692307692307 0.15625
12 0.19471153846153846 0.09375 0.0673076923076923 0.12980769230769232
11 0.34615384615384615 0.1502403846153846 0.0673076923076923 0.18028846153846154
8 0.1658653846153846 0.31009615384615385 0.08653846153846154 0.20673076923076922
7 0.4423076923076923 0.43028846153846156 0.0625 0.15865384615384615
10 0.35096153846153844 0.3317307692307692 0.052884615384615384 0.11538461538461539
10 0.27403846153846156 0.17067307692307693 0.057692307692307696 0.11057692307692307
10 0.26322115384615385 0.3425480769230769 0.06009615384615385 0.12259615384615384
10 0.35697115384615385 0.5673076923076923 0.06971153846153846 0.125