3 0.40384615384615385 0.11899038461538461 0.057692307692307696 0.13221153846153846
3 0.5600961538461539 0.38822115384615385 0.057692307692307696 0.1466346153846154
1 0.28365384615384615 0.6201923076923077 0.0673076923076923 0.13942307692307693
1 0.2283653846153846 0.20793269230769232 0.057692307692307696 0.14182692307692307
2 0.1971153846153846 0.3641826923076923 0.08173076923076923 0.2091346153846154
6 0.15144230769230768 0.7415865384615384 0.07692307692307693 0.15144230769230768
6 0.40625 0.054086538461538464 0.052884615384615384 0.10336538461538461
5 0.3954326923076923 0.2848557692307692 0.06009615384615385 0.17548076923076922
4 0.3269230769230769 0.12860576923076922 0.04807692307692308 0.0985576923076923
4 0.3161057692307692 0.22115384615384615 0.05048076923076923 0.10576923076923077
4 0.2848557692307692 0.5084134615384616 0.055288461538461536 0.10336538461538461
4 0.2932692307692308 0.39903846153846156 0.04807692307692308 0.10576923076923077
4 0.38100961538461536 0.6237980769230769 0.055288461538461536 0.11778846153846154
4 0.35336538461538464 0.7536057692307693 0.052884615384615384 0.11778846153846154
4 0.47596153846153844 0.051682692307692304 0.04807692307692308 0.0985576923076923
4 0.48197115384615385 0.2956730769230769 0.04567307692307692 0.10096153846153846
7 0.640625 0.04927884615384615 0.055288461538461536 0.0889423076923077
8 0.8413461538461539 0.3641826923076923 0.07692307692307693 0.20432692307692307
7 0.859375 0.49038461538461536 0.06490384615384616 0.13942307692307693
11 0.8245192307692307 0.27403846153846156 0.07692307692307693 0.18269230769230768
12 0.7596153846153846 0.7560096153846154 0.07211538461538461 0.1466346153846154
12 0.7992788461538461 0.051682692307692304 0.06009615384615385 0.09375
9 0.8521634615384616 0.6045673076923077 0.07451923076923077 0.15144230769230768
9 0.6418269230769231 0.1875 0.052884615384615384 0.1346153846153846
10 0.5661057692307693 0.296875 0.05048076923076923 0.10817307692307693
10 0.5721153846153846 0.12740384615384615 0.052884615384615384 0.11057692307692307
10 0.7199519230769231 0.051682692307692304 0.04567307692307692 0.09375
10 0.7259615384615384 0.2127403846153846 0.04807692307692308 0.10817307692307693
10 0.7367788461538461 0.4074519230769231 0.055288461538461536 0.10336538461538461
10 0.7463942307692307 0.5168269230769231 0.055288461538461536 0.10096153846153846
10 0.75 0.6225961538461539 0.057692307692307696 0.11057692307692307
10 0.5600961538461539 0.7439903846153846 0.057692307692307696 0.10817307692307693