3 0.5913461538461539 0.140625 0.057692307692307696 0.12740384615384615
3 0.44711538461538464 0.4050480769230769 0.057692307692307696 0.14182692307692307
1 0.7235576923076923 0.6262019230769231 0.0673076923076923 0.13701923076923078
1 0.7632211538461539 0.22716346153846154 0.06009615384615385 0.13701923076923078
2 0.7992788461538461 0.3762019230769231 0.07932692307692307 0.20432692307692307
6 0.8557692307692307 0.7427884615384616 0.07692307692307693 0.14903846153846154
6 0.5865384615384616 0.06971153846153846 0.052884615384615384 0.11538461538461539
5 0.6045673076923077 0.30288461538461536 0.06009615384615385 0.16826923076923078
4 0.6658653846153846 0.15144230769230768 0.04807692307692308 0.09615384615384616
4 0.6802884615384616 0.23918269230769232 0.04807692307692308 0.10336538461538461
4 0.71875 0.5168269230769231 0.057692307692307696 0.10096153846153846
4 0.7079326923076923 0.4098557692307692 0.05048076923076923 0.10336538461538461
4 0.6298076923076923 0.6298076923076923 0.057692307692307696 0.11538461538461539
4 0.6598557692307693 0.7548076923076923 0.055288461538461536 0.11538461538461539
4 0.5180288461538461 0.07451923076923077 0.04567307692307692 0.09615384615384616
4 0.5180288461538461 0.3137019230769231 0.04567307692307692 0.0985576923076923
7 0.3581730769230769 0.06610576923076923 0.057692307692307696 0.11298076923076923
8 0.17427884615384615 0.38341346153846156 0.07932692307692307 0.19951923076923078
7 0.1622596153846154 0.5060096153846154 0.06490384615384616 0.13701923076923078
11 0.1875 0.2956730769230769 0.07692307692307693 0.1778846153846154
12 0.265625 0.7644230769230769 0.06971153846153846 0.14423076923076922
12 0.20432692307692307 0.06971153846153846 0.0625 0.11057692307692307
9 0.171875 0.6189903846153846 0.07451923076923077 0.1466346153846154
9 0.3629807692307692 0.21033653846153846 0.052884615384615384 0.13221153846153846
10 0.4387019230769231 0.31490384615384615 0.05048076923076923 0.10576923076923077
10 0.42788461538461536 0.1502403846153846 0.052884615384615384 0.10817307692307693
10 0.2800480769230769 0.06850961538461539 0.04567307692307692 0.10817307692307693
10 0.28125 0.23677884615384615 0.04807692307692308 0.10336538461538461
10 0.2776442307692308 0.4254807692307692 0.05048076923076923 0.10096153846153846
10 0.27163461538461536 0.5324519230769231 0.052884615384615384 0.0985576923076923
10 0.27283653846153844 0.6334134615384616 0.055288461538461536 0.10817307692307693
10 0.46033653846153844 0.7487980769230769 0.055288461538461536 0.10817307692307693