3 0.5805288461538461 0.12980769230769232 0.06009615384615385 0.12980769230769232
3 0.41947115384615385 0.3918269230769231 0.06009615384615385 0.14423076923076922
1 0.6887019230769231 0.6213942307692307 0.06971153846153846 0.13701923076923078
1 0.75 0.21754807692307693 0.057692307692307696 0.13701923076923078
2 0.7788461538461539 0.3701923076923077 0.08173076923076923 0.20192307692307693
6 0.8161057692307693 0.7403846153846154 0.07932692307692307 0.14903846153846154
6 0.5805288461538461 0.05889423076923077 0.055288461538461536 0.11778846153846154
5 0.5853365384615384 0.2920673076923077 0.06490384615384616 0.17067307692307693
4 0.6538461538461539 0.13942307692307693 0.04807692307692308 0.09615384615384616
4 0.6646634615384616 0.22956730769230768 0.05048076923076923 0.10336538461538461
4 0.6899038461538461 0.5096153846153846 0.057692307692307696 0.10096153846153846
4 0.6838942307692307 0.4026442307692308 0.05048076923076923 0.10336538461538461
4 0.59375 0.625 0.057692307692307696 0.11538461538461539
4 0.6165865384615384 0.75 0.055288461538461536 0.11538461538461539
4 0.5084134615384616 0.06129807692307692 0.04567307692307692 0.0985576923076923
4 0.4987980769230769 0.3016826923076923 0.04567307692307692 0.0985576923076923
7 0.3485576923076923 0.051682692307692304 0.057692307692307696 0.10336538461538461
8 0.1466346153846154 0.36658653846153844 0.08173076923076923 0.19951923076923078
7 0.12740384615384615 0.4891826923076923 0.0673076923076923 0.13701923076923078
11 0.1658653846153846 0.27884615384615385 0.07692307692307693 0.1778846153846154
12 0.21995192307692307 0.7512019230769231 0.07451923076923077 0.14182692307692307
12 0.1935096153846154 0.052884615384615384 0.06009615384615385 0.10576923076923077
9 0.13221153846153846 0.6021634615384616 0.07692307692307693 0.1466346153846154
9 0.34615384615384615 0.19471153846153846 0.057692307692307696 0.1346153846153846
10 0.4170673076923077 0.3016826923076923 0.05048076923076923 0.10336538461538461
10 0.41346153846153844 0.13581730769230768 0.052884615384615384 0.10817307692307693
10 0.2704326923076923 0.052884615384615384 0.05048076923076923 0.10576923076923077
10 0.2620192307692308 0.21875 0.04807692307692308 0.10576923076923077
10 0.24879807692307693 0.4110576923076923 0.055288461538461536 0.10096153846153846
10 0.23677884615384615 0.5180288461538461 0.055288461538461536 0.0985576923076923
10 0.23197115384615385 0.6189903846153846 0.055288461538461536 0.10817307692307693
10 0.41586538461538464 0.7391826923076923 0.057692307692307696 0.10817307692307693