3 0.41947115384615385 0.12980769230769232 0.06009615384615385 0.12980769230769232
3 0.5805288461538461 0.3918269230769231 0.06009615384615385 0.14423076923076922
1 0.3112980769230769 0.6213942307692307 0.06971153846153846 0.13701923076923078
1 0.25 0.21754807692307693 0.057692307692307696 0.13701923076923078
2 0.22115384615384615 0.3701923076923077 0.08173076923076923 0.20192307692307693
6 0.18389423076923078 0.7403846153846154 0.07932692307692307 0.14903846153846154
6 0.41947115384615385 0.05889423076923077 0.055288461538461536 0.11778846153846154
5 0.41466346153846156 0.2920673076923077 0.06490384615384616 0.17067307692307693
4 0.34615384615384615 0.13942307692307693 0.04807692307692308 0.09615384615384616
4 0.33533653846153844 0.22956730769230768 0.05048076923076923 0.10336538461538461
4 0.31009615384615385 0.5096153846153846 0.057692307692307696 0.10096153846153846
4 0.3161057692307692 0.4026442307692308 0.05048076923076923 0.10336538461538461
4 0.40625 0.625 0.057692307692307696 0.11538461538461539
4 0.38341346153846156 0.75 0.055288461538461536 0.11538461538461539
4 0.49158653846153844 0.06129807692307692 0.04567307692307692 0.0985576923076923
4 0.5012019230769231 0.3016826923076923 0.04567307692307692 0.0985576923076923
7 0.6514423076923077 0.051682692307692304 0.057692307692307696 0.10336538461538461
8 0.8533653846153846 0.36658653846153844 0.08173076923076923 0.19951923076923078
7 0.8725961538461539 0.4891826923076923 0.0673076923076923 0.13701923076923078
11 0.8341346153846154 0.27884615384615385 0.07692307692307693 0.1778846153846154
12 0.7800480769230769 0.7512019230769231 0.07451923076923077 0.14182692307692307
12 0.8064903846153846 0.052884615384615384 0.06009615384615385 0.10576923076923077
9 0.8677884615384616 0.6021634615384616 0.07692307692307693 0.1466346153846154
9 0.6538461538461539 0.19471153846153846 0.057692307692307696 0.1346153846153846
10 0.5829326923076923 0.3016826923076923 0.05048076923076923 0.10336538461538461
10 0.5865384615384616 0.13581730769230768 0.052884615384615384 0.10817307692307693
10 0.7295673076923077 0.052884615384615384 0.05048076923076923 0.10576923076923077
10 0.7379807692307693 0.21875 0.04807692307692308 0.10576923076923077
10 0.7512019230769231 0.4110576923076923 0.055288461538461536 0.10096153846153846
10 0.7632211538461539 0.5180288461538461 0.055288461538461536 0.0985576923076923
10 0.7680288461538461 0.6189903846153846 0.055288461538461536 0.10817307692307693
10 0.5841346153846154 0.7391826923076923 0.057692307692307696 0.10817307692307693