12 0.8040865384615384 0.08653846153846154 0.06971153846153846 0.12980769230769232
12 0.8040865384615384 0.08653846153846154 0.06971153846153846 0.12980769230769232
8 0.8329326923076923 0.4074519230769231 0.09375 0.2283653846153846
11 0.6526442307692307 0.14783653846153846 0.06971153846153846 0.18509615384615385
7 0.8173076923076923 0.15144230769230768 0.0625 0.14903846153846154
7 0.6382211538461539 0.43149038461538464 0.06971153846153846 0.15144230769230768
9 0.7596153846153846 0.7932692307692307 0.08653846153846154 0.17307692307692307
10 0.7271634615384616 0.16706730769230768 0.05048076923076923 0.12259615384615384
10 0.7391826923076923 0.34134615384615385 0.055288461538461536 0.11057692307692307
10 0.7391826923076923 0.4411057692307692 0.06009615384615385 0.12259615384615384
10 0.6382211538461539 0.5697115384615384 0.06490384615384616 0.1201923076923077
2 0.22235576923076922 0.3088942307692308 0.0889423076923077 0.21394230769230768
3 0.5516826923076923 0.7908653846153846 0.07932692307692307 0.16346153846153846
1 0.39663461538461536 0.1622596153846154 0.052884615384615384 0.14182692307692307
3 0.5564903846153846 0.24879807692307693 0.06490384615384616 0.14182692307692307
6 0.4266826923076923 0.08413461538461539 0.055288461538461536 0.12980769230769232
6 0.4951923076923077 0.16346153846153846 0.0625 0.1346153846153846
4 0.5793269230769231 0.18269230769230768 0.04807692307692308 0.11057692307692307
4 0.24278846153846154 0.7908653846153846 0.0673076923076923 0.1201923076923077
4 0.3076923076923077 0.34975961538461536 0.052884615384615384 0.10817307692307693
4 0.3858173076923077 0.5480769230769231 0.055288461538461536 0.11538461538461539
4 0.4483173076923077 0.671875 0.06009615384615385 0.11778846153846154