12 0.8040865384615384 0.10697115384615384 0.06971153846153846 0.13221153846153846
12 0.8040865384615384 0.10697115384615384 0.06971153846153846 0.13221153846153846
8 0.8413461538461539 0.43149038461538464 0.09134615384615384 0.2283653846153846
11 0.6538461538461539 0.16346153846153846 0.07211538461538461 0.1875
7 0.8197115384615384 0.17307692307692307 0.0625 0.15384615384615385
7 0.6454326923076923 0.4495192307692308 0.06971153846153846 0.15384615384615385
9 0.7776442307692307 0.8173076923076923 0.0889423076923077 0.17307692307692307
10 0.7295673076923077 0.18629807692307693 0.05048076923076923 0.12259615384615384
10 0.7451923076923077 0.36177884615384615 0.057692307692307696 0.11298076923076923
10 0.7475961538461539 0.46153846153846156 0.057692307692307696 0.125
10 0.6478365384615384 0.5877403846153846 0.06490384615384616 0.12259615384615384
2 0.2247596153846154 0.3112980769230769 0.0889423076923077 0.21875
3 0.5661057692307693 0.8064903846153846 0.07932692307692307 0.1658653846153846
1 0.39663461538461536 0.16826923076923078 0.052884615384615384 0.14423076923076922
3 0.5600961538461539 0.2620192307692308 0.0673076923076923 0.14423076923076922
6 0.4254807692307692 0.09134615384615384 0.057692307692307696 0.12980769230769232
6 0.4951923076923077 0.17427884615384615 0.0625 0.13701923076923078
4 0.5817307692307693 0.19591346153846154 0.04807692307692308 0.11298076923076923
4 0.25721153846153844 0.796875 0.0673076923076923 0.12259615384615384
4 0.3125 0.3557692307692308 0.052884615384615384 0.11057692307692307
4 0.3954326923076923 0.5564903846153846 0.055288461538461536 0.11778846153846154
4 0.46033653846153844 0.6838942307692307 0.06009615384615385 0.12259615384615384