12 0.19591346153846154 0.10697115384615384 0.06971153846153846 0.13221153846153846
12 0.19591346153846154 0.10697115384615384 0.06971153846153846 0.13221153846153846
8 0.15865384615384615 0.43149038461538464 0.09134615384615384 0.2283653846153846
11 0.34615384615384615 0.16346153846153846 0.07211538461538461 0.1875
7 0.18028846153846154 0.17307692307692307 0.0625 0.15384615384615385
7 0.3545673076923077 0.4495192307692308 0.06971153846153846 0.15384615384615385
9 0.22235576923076922 0.8173076923076923 0.0889423076923077 0.17307692307692307
10 0.2704326923076923 0.18629807692307693 0.05048076923076923 0.12259615384615384
10 0.2548076923076923 0.36177884615384615 0.057692307692307696 0.11298076923076923
10 0.25240384615384615 0.46153846153846156 0.057692307692307696 0.125
10 0.35216346153846156 0.5877403846153846 0.06490384615384616 0.12259615384615384
2 0.7752403846153846 0.3112980769230769 0.0889423076923077 0.21875
3 0.4338942307692308 0.8064903846153846 0.07932692307692307 0.1658653846153846
1 0.6033653846153846 0.16826923076923078 0.052884615384615384 0.14423076923076922
3 0.43990384615384615 0.2620192307692308 0.0673076923076923 0.14423076923076922
6 0.5745192307692307 0.09134615384615384 0.057692307692307696 0.12980769230769232
6 0.5048076923076923 0.17427884615384615 0.0625 0.13701923076923078
4 0.4182692307692308 0.19591346153846154 0.04807692307692308 0.11298076923076923
4 0.7427884615384616 0.796875 0.0673076923076923 0.12259615384615384
4 0.6875 0.3557692307692308 0.052884615384615384 0.11057692307692307
4 0.6045673076923077 0.5564903846153846 0.055288461538461536 0.11778846153846154
4 0.5396634615384616 0.6838942307692307 0.06009615384615385 0.12259615384615384