12 0.8245192307692307 0.08653846153846154 0.07692307692307693 0.1346153846153846
12 0.8245192307692307 0.08653846153846154 0.07692307692307693 0.1346153846153846
8 0.8689903846153846 0.421875 0.0985576923076923 0.23798076923076922
11 0.6706730769230769 0.14783653846153846 0.07692307692307693 0.19471153846153846
7 0.8413461538461539 0.15504807692307693 0.0673076923076923 0.15625
7 0.6670673076923077 0.44471153846153844 0.07451923076923077 0.15865384615384615
9 0.8088942307692307 0.8233173076923077 0.09375 0.18028846153846154
10 0.7475961538461539 0.17067307692307693 0.052884615384615384 0.12980769230769232
10 0.7680288461538461 0.35336538461538464 0.06009615384615385 0.11538461538461539
10 0.7728365384615384 0.45552884615384615 0.06490384615384616 0.12740384615384615
10 0.671875 0.5877403846153846 0.06971153846153846 0.12740384615384615
2 0.22596153846153846 0.3076923076923077 0.09615384615384616 0.22596153846153846
3 0.5901442307692307 0.8161057692307693 0.08413461538461539 0.17067307692307693
1 0.40384615384615385 0.15865384615384615 0.057692307692307696 0.14903846153846154
3 0.5745192307692307 0.2512019230769231 0.07211538461538461 0.1466346153846154
6 0.42908653846153844 0.078125 0.06009615384615385 0.13701923076923078
6 0.5048076923076923 0.1622596153846154 0.0673076923076923 0.14182692307692307
4 0.5961538461538461 0.18269230769230768 0.052884615384615384 0.11538461538461539
4 0.2692307692307692 0.8125 0.07211538461538461 0.125
4 0.31971153846153844 0.35336538461538464 0.057692307692307696 0.11538461538461539
4 0.4074519230769231 0.5600961538461539 0.06009615384615385 0.1201923076923077
4 0.47716346153846156 0.6923076923076923 0.06490384615384616 0.125