8 0.8257211538461539 0.3605769230769231 0.06971153846153846 0.1971153846153846
2 0.20552884615384615 0.3581730769230769 0.07451923076923077 0.19230769230769232
11 0.8125 0.27163461538461536 0.0673076923076923 0.17307692307692307
5 0.21153846153846154 0.2848557692307692 0.07211538461538461 0.1658653846153846
9 0.8293269230769231 0.5997596153846154 0.07211538461538461 0.13701923076923078
3 0.5528846153846154 0.38341346153846156 0.057692307692307696 0.13701923076923078
3 0.4098557692307692 0.11899038461538461 0.05048076923076923 0.13701923076923078
7 0.8377403846153846 0.4879807692307692 0.06009615384615385 0.1346153846153846
9 0.6358173076923077 0.1875 0.05048076923076923 0.1346153846153846
12 0.7379807692307693 0.7403846153846154 0.0625 0.1346153846153846
7 0.8100961538461539 0.19591346153846154 0.052884615384615384 0.13221153846153846
1 0.24639423076923078 0.19831730769230768 0.05048076923076923 0.13221153846153846
1 0.2824519230769231 0.6045673076923077 0.06009615384615385 0.13221153846153846
1 0.14543269230769232 0.7247596153846154 0.07451923076923077 0.12740384615384615
1 0.25841346153846156 0.051682692307692304 0.05048076923076923 0.10336538461538461
10 0.5408653846153846 0.7355769230769231 0.052884615384615384 0.11057692307692307
4 0.3713942307692308 0.6069711538461539 0.055288461538461536 0.10817307692307693
4 0.34375 0.734375 0.052884615384615384 0.10817307692307693
10 0.734375 0.5120192307692307 0.06009615384615385 0.10576923076923077
12 0.796875 0.04807692307692308 0.05048076923076923 0.09615384615384616
10 0.7331730769230769 0.6129807692307693 0.0625 0.10576923076923077
10 0.7247596153846154 0.4026442307692308 0.06009615384615385 0.10336538461538461
10 0.71875 0.04927884615384615 0.04326923076923077 0.0985576923076923
10 0.7199519230769231 0.21394230769230768 0.05048076923076923 0.10096153846153846
4 0.28365384615384615 0.4987980769230769 0.052884615384615384 0.10336538461538461
4 0.4807692307692308 0.28846153846153844 0.04807692307692308 0.10096153846153846
4 0.31971153846153844 0.21394230769230768 0.04326923076923077 0.10096153846153846
10 0.5721153846153846 0.12980769230769232 0.04326923076923077 0.10096153846153846
10 0.7235576923076923 0.3016826923076923 0.04807692307692308 0.0985576923076923
4 0.3329326923076923 0.13341346153846154 0.04567307692307692 0.09375
4 0.3401442307692308 0.046875 0.040865384615384616 0.09375
4 0.2932692307692308 0.390625 0.04807692307692308 0.10817307692307693