8 0.17427884615384615 0.3605769230769231 0.06971153846153846 0.1971153846153846
2 0.7944711538461539 0.3581730769230769 0.07451923076923077 0.19230769230769232
11 0.1875 0.27163461538461536 0.0673076923076923 0.17307692307692307
5 0.7884615384615384 0.2848557692307692 0.07211538461538461 0.1658653846153846
9 0.17067307692307693 0.5997596153846154 0.07211538461538461 0.13701923076923078
3 0.44711538461538464 0.38341346153846156 0.057692307692307696 0.13701923076923078
3 0.5901442307692307 0.11899038461538461 0.05048076923076923 0.13701923076923078
7 0.1622596153846154 0.4879807692307692 0.06009615384615385 0.1346153846153846
9 0.3641826923076923 0.1875 0.05048076923076923 0.1346153846153846
12 0.2620192307692308 0.7403846153846154 0.0625 0.1346153846153846
7 0.18990384615384615 0.19591346153846154 0.052884615384615384 0.13221153846153846
1 0.7536057692307693 0.19831730769230768 0.05048076923076923 0.13221153846153846
1 0.7175480769230769 0.6045673076923077 0.06009615384615385 0.13221153846153846
1 0.8545673076923077 0.7247596153846154 0.07451923076923077 0.12740384615384615
1 0.7415865384615384 0.051682692307692304 0.05048076923076923 0.10336538461538461
10 0.45913461538461536 0.7355769230769231 0.052884615384615384 0.11057692307692307
4 0.6286057692307693 0.6069711538461539 0.055288461538461536 0.10817307692307693
4 0.65625 0.734375 0.052884615384615384 0.10817307692307693
10 0.265625 0.5120192307692307 0.06009615384615385 0.10576923076923077
12 0.203125 0.04807692307692308 0.05048076923076923 0.09615384615384616
10 0.2668269230769231 0.6129807692307693 0.0625 0.10576923076923077
10 0.27524038461538464 0.4026442307692308 0.06009615384615385 0.10336538461538461
10 0.28125 0.04927884615384615 0.04326923076923077 0.0985576923076923
10 0.2800480769230769 0.21394230769230768 0.05048076923076923 0.10096153846153846
4 0.7163461538461539 0.4987980769230769 0.052884615384615384 0.10336538461538461
4 0.5192307692307693 0.28846153846153844 0.04807692307692308 0.10096153846153846
4 0.6802884615384616 0.21394230769230768 0.04326923076923077 0.10096153846153846
10 0.42788461538461536 0.12980769230769232 0.04326923076923077 0.10096153846153846
10 0.2764423076923077 0.3016826923076923 0.04807692307692308 0.0985576923076923
4 0.6670673076923077 0.13341346153846154 0.04567307692307692 0.09375
4 0.6598557692307693 0.046875 0.040865384615384616 0.09375
4 0.7067307692307693 0.390625 0.04807692307692308 0.10817307692307693