8 0.8197115384615384 0.3918269230769231 0.0673076923076923 0.20192307692307693
2 0.18629807692307693 0.37740384615384615 0.07451923076923077 0.1971153846153846
11 0.8052884615384616 0.3004807692307692 0.0673076923076923 0.1778846153846154
5 0.19230769230769232 0.30408653846153844 0.07211538461538461 0.17067307692307693
9 0.8269230769230769 0.6358173076923077 0.07211538461538461 0.14182692307692307
3 0.5420673076923077 0.4110576923076923 0.055288461538461536 0.13942307692307693
3 0.39302884615384615 0.13701923076923078 0.05048076923076923 0.13942307692307693
7 0.8329326923076923 0.5216346153846154 0.06009615384615385 0.13942307692307693
9 0.6237980769230769 0.21153846153846154 0.05048076923076923 0.13942307692307693
12 0.7355769230769231 0.7788461538461539 0.0625 0.13942307692307693
7 0.8016826923076923 0.2247596153846154 0.05048076923076923 0.13701923076923078
1 0.22716346153846154 0.21754807692307693 0.04567307692307692 0.13701923076923078
1 0.2668269230769231 0.6310096153846154 0.057692307692307696 0.13701923076923078
1 0.1310096153846154 0.7512019230769231 0.07451923076923077 0.13221153846153846
1 0.23677884615384615 0.06370192307692307 0.05048076923076923 0.11298076923076923
10 0.5336538461538461 0.7704326923076923 0.052884615384615384 0.11298076923076923
4 0.3605769230769231 0.6370192307692307 0.052884615384615384 0.11057692307692307
4 0.3329326923076923 0.7644230769230769 0.05048076923076923 0.11057692307692307
10 0.7295673076923077 0.5444711538461539 0.06009615384615385 0.10817307692307693
12 0.7872596153846154 0.0733173076923077 0.05048076923076923 0.10336538461538461
10 0.7283653846153846 0.6478365384615384 0.0625 0.10817307692307693
10 0.7175480769230769 0.43509615384615385 0.06009615384615385 0.10576923076923077
10 0.7067307692307693 0.07451923076923077 0.04326923076923077 0.10576923076923077
10 0.7091346153846154 0.24158653846153846 0.04807692307692308 0.10336538461538461
4 0.2692307692307692 0.5228365384615384 0.052884615384615384 0.10336538461538461
4 0.46634615384615385 0.3112980769230769 0.04807692307692308 0.10336538461538461
4 0.30288461538461536 0.234375 0.04326923076923077 0.10336538461538461
10 0.5576923076923077 0.15264423076923078 0.04326923076923077 0.10336538461538461
10 0.7163461538461539 0.3317307692307692 0.04807692307692308 0.10096153846153846
4 0.31490384615384615 0.15144230769230768 0.04326923076923077 0.09615384615384616
4 0.32211538461538464 0.0625 0.038461538461538464 0.09615384615384616
4 0.2776442307692308 0.41346153846153844 0.05048076923076923 0.11057692307692307