6 0.14423076923076922 0.6995192307692307 0.08173076923076923 0.16346153846153846
2 0.18028846153846154 0.45072115384615385 0.09134615384615384 0.21394230769230768
5 0.39663461538461536 0.25841346153846156 0.0673076923076923 0.18028846153846154
4 0.3161057692307692 0.19110576923076922 0.05048076923076923 0.11298076923076923
4 0.2920673076923077 0.36899038461538464 0.055288461538461536 0.11298076923076923
4 0.36778846153846156 0.4735576923076923 0.057692307692307696 0.11538461538461539
4 0.47596153846153844 0.039663461538461536 0.038461538461538464 0.07932692307692307
4 0.4795673076923077 0.27163461538461536 0.05048076923076923 0.10576923076923077
3 0.5552884615384616 0.36778846153846156 0.0673076923076923 0.14423076923076922
9 0.49038461538461536 0.09975961538461539 0.057692307692307696 0.14182692307692307
7 0.5516826923076923 0.578125 0.06009615384615385 0.15144230769230768
8 0.734375 0.3473557692307692 0.07932692307692307 0.20432692307692307
11 0.6394230769230769 0.2668269230769231 0.0625 0.1875
9 0.6430288461538461 0.4675480769230769 0.06490384615384616 0.15144230769230768
12 0.7992788461538461 0.04326923076923077 0.055288461538461536 0.08653846153846154
10 0.7223557692307693 0.039663461538461536 0.05048076923076923 0.07932692307692307
10 0.71875 0.19110576923076922 0.052884615384615384 0.10817307692307693
10 0.5612980769230769 0.27283653846153844 0.04567307692307692 0.10336538461538461
10 0.5480769230769231 0.71875 0.0625 0.11538461538461539
10 0.7367788461538461 0.5997596153846154 0.06009615384615385 0.11298076923076923
12 0.7439903846153846 0.7331730769230769 0.08413461538461539 0.14423076923076922