6 0.8581730769230769 0.7319711538461539 0.08173076923076923 0.16105769230769232
2 0.8209134615384616 0.484375 0.09375 0.2091346153846154
5 0.6045673076923077 0.28365384615384615 0.06490384615384616 0.1778846153846154
4 0.6838942307692307 0.21995192307692307 0.05048076923076923 0.11298076923076923
4 0.7103365384615384 0.39663461538461536 0.055288461538461536 0.11057692307692307
4 0.6346153846153846 0.49759615384615385 0.057692307692307696 0.11057692307692307
4 0.5240384615384616 0.04927884615384615 0.038461538461538464 0.0985576923076923
4 0.5240384615384616 0.29086538461538464 0.052884615384615384 0.10576923076923077
3 0.4495192307692308 0.38100961538461536 0.0673076923076923 0.14182692307692307
9 0.5108173076923077 0.12139423076923077 0.055288461538461536 0.13701923076923078
7 0.453125 0.5913461538461539 0.06009615384615385 0.14903846153846154
8 0.2704326923076923 0.35216346153846156 0.07932692307692307 0.19951923076923078
11 0.36538461538461536 0.2776442307692308 0.0625 0.18509615384615385
9 0.3629807692307692 0.47836538461538464 0.0673076923076923 0.14903846153846154
12 0.20552884615384615 0.04447115384615385 0.055288461538461536 0.0889423076923077
10 0.2824519230769231 0.04447115384615385 0.05048076923076923 0.0889423076923077
10 0.2860576923076923 0.19831730769230768 0.052884615384615384 0.10817307692307693
10 0.4423076923076923 0.2860576923076923 0.04807692307692308 0.10096153846153846
10 0.4579326923076923 0.7295673076923077 0.06490384615384616 0.11298076923076923
10 0.2704326923076923 0.6033653846153846 0.06009615384615385 0.11057692307692307
12 0.2644230769230769 0.734375 0.08173076923076923 0.14182692307692307