6 0.8677884615384616 0.7295673076923077 0.08173076923076923 0.15625
2 0.8269230769230769 0.4879807692307692 0.09615384615384616 0.20673076923076922
5 0.609375 0.29086538461538464 0.06971153846153846 0.17307692307692307
4 0.6875 0.22596153846153846 0.052884615384615384 0.11057692307692307
4 0.7139423076923077 0.40024038461538464 0.057692307692307696 0.10817307692307693
4 0.6430288461538461 0.5012019230769231 0.06009615384615385 0.10817307692307693
4 0.5240384615384616 0.05889423076923077 0.038461538461538464 0.0985576923076923
4 0.5288461538461539 0.29927884615384615 0.052884615384615384 0.10336538461538461
3 0.4567307692307692 0.390625 0.0673076923076923 0.13701923076923078
9 0.5144230769230769 0.1310096153846154 0.057692307692307696 0.13701923076923078
7 0.4651442307692308 0.5997596153846154 0.06490384615384616 0.1466346153846154
8 0.27884615384615385 0.36538461538461536 0.08173076923076923 0.1971153846153846
11 0.3737980769230769 0.28846153846153844 0.06490384615384616 0.18269230769230768
9 0.37259615384615385 0.48677884615384615 0.0673076923076923 0.1466346153846154
12 0.2091346153846154 0.052884615384615384 0.057692307692307696 0.10576923076923077
10 0.2848557692307692 0.052884615384615384 0.05048076923076923 0.10096153846153846
10 0.2920673076923077 0.21394230769230768 0.055288461538461536 0.10576923076923077
10 0.4495192307692308 0.296875 0.04807692307692308 0.0985576923076923
10 0.47115384615384615 0.7355769230769231 0.0625 0.11057692307692307
10 0.28365384615384615 0.6129807692307693 0.0625 0.11057692307692307
12 0.2800480769230769 0.7427884615384616 0.08413461538461539 0.13942307692307693