1 0.7427884615384616 0.16105769230769232 0.052884615384615384 0.1346153846153846
1 0.5228365384615384 0.328125 0.05048076923076923 0.13221153846153846
5 0.7127403846153846 0.4182692307692308 0.055288461538461536 0.16826923076923078
3 0.7740384615384616 0.30288461538461536 0.07692307692307693 0.19230769230769232
6 0.8653846153846154 0.7992788461538461 0.07692307692307693 0.14182692307692307
6 0.7259615384615384 0.08413461538461539 0.052884615384615384 0.1201923076923077
3 0.8257211538461539 0.5552884615384616 0.07451923076923077 0.13942307692307693
4 0.6862980769230769 0.3485576923076923 0.04567307692307692 0.10576923076923077
3 0.6081730769230769 0.3485576923076923 0.0625 0.13942307692307693
4 0.6526442307692307 0.09375 0.04567307692307692 0.10096153846153846
4 0.5757211538461539 0.17668269230769232 0.04567307692307692 0.10336538461538461
4 0.5132211538461539 0.2644230769230769 0.04567307692307692 0.10576923076923077
4 0.53125 0.45072115384615385 0.052884615384615384 0.10817307692307693
4 0.7560096153846154 0.7956730769230769 0.055288461538461536 0.11538461538461539
4 0.6057692307692307 0.5528846153846154 0.04807692307692308 0.11057692307692307
4 0.5492788461538461 0.6742788461538461 0.055288461538461536 0.11298076923076923
9 0.34975961538461536 0.3269230769230769 0.06009615384615385 0.1346153846153846
12 0.35336538461538464 0.7836538461538461 0.0673076923076923 0.13942307692307693
12 0.18870192307692307 0.08413461538461539 0.05048076923076923 0.1201923076923077
7 0.17908653846153846 0.14423076923076922 0.06009615384615385 0.14423076923076922
7 0.14302884615384615 0.6634615384615384 0.06971153846153846 0.14423076923076922
8 0.15985576923076922 0.40625 0.07451923076923077 0.20192307692307693
10 0.41466346153846156 0.24519230769230768 0.04567307692307692 0.10576923076923077
11 0.26802884615384615 0.21514423076923078 0.06971153846153846 0.17067307692307693
10 0.4074519230769231 0.0829326923076923 0.04567307692307692 0.0985576923076923
10 0.265625 0.15865384615384615 0.04567307692307692 0.10096153846153846
10 0.25721153846153844 0.33774038461538464 0.052884615384615384 0.10336538461538461
10 0.25841346153846156 0.4362980769230769 0.055288461538461536 0.11298076923076923
10 0.2512019230769231 0.6694711538461539 0.05048076923076923 0.10336538461538461
10 0.4338942307692308 0.5576923076923077 0.04567307692307692 0.1201923076923077
10 0.4567307692307692 0.7980769230769231 0.057692307692307696 0.11057692307692307