1 0.7536057692307693 0.14903846153846154 0.055288461538461536 0.1346153846153846
1 0.5216346153846154 0.32091346153846156 0.052884615384615384 0.13701923076923078
5 0.7115384615384616 0.41225961538461536 0.057692307692307696 0.17067307692307693
3 0.7800480769230769 0.29447115384615385 0.07932692307692307 0.19471153846153846
6 0.8497596153846154 0.7980769230769231 0.07932692307692307 0.14423076923076922
6 0.7391826923076923 0.07091346153846154 0.055288461538461536 0.12259615384615384
3 0.8221153846153846 0.5528846153846154 0.07692307692307693 0.13942307692307693
4 0.6887019230769231 0.3401442307692308 0.04567307692307692 0.10817307692307693
3 0.6069711538461539 0.3401442307692308 0.06490384615384616 0.14182692307692307
4 0.6646634615384616 0.08052884615384616 0.04567307692307692 0.10336538461538461
4 0.5817307692307693 0.1658653846153846 0.04807692307692308 0.10576923076923077
4 0.5144230769230769 0.2548076923076923 0.04807692307692308 0.11057692307692307
4 0.5252403846153846 0.44711538461538464 0.055288461538461536 0.11057692307692307
4 0.7415865384615384 0.796875 0.055288461538461536 0.11778846153846154
4 0.5961538461538461 0.5492788461538461 0.052884615384615384 0.11298076923076923
4 0.5348557692307693 0.6754807692307693 0.06009615384615385 0.11538461538461539
9 0.3449519230769231 0.32091346153846156 0.06009615384615385 0.13701923076923078
12 0.3293269230769231 0.7872596153846154 0.07211538461538461 0.14182692307692307
12 0.18990384615384615 0.0733173076923077 0.052884615384615384 0.12259615384615384
7 0.17668269230769232 0.1346153846153846 0.06009615384615385 0.14903846153846154
7 0.11899038461538461 0.6646634615384616 0.06971153846153846 0.1466346153846154
8 0.14783653846153846 0.4026442307692308 0.07932692307692307 0.20432692307692307
10 0.41586538461538464 0.23677884615384615 0.04807692307692308 0.10817307692307693
11 0.2668269230769231 0.2091346153846154 0.07692307692307693 0.17307692307692307
10 0.41466346153846156 0.07091346153846154 0.04567307692307692 0.10336538461538461
10 0.265625 0.14903846153846154 0.04567307692307692 0.10096153846153846
10 0.25 0.3317307692307692 0.052884615384615384 0.10576923076923077
10 0.24879807692307693 0.4338942307692308 0.055288461538461536 0.11298076923076923
10 0.22956730769230768 0.6706730769230769 0.05048076923076923 0.10576923076923077
10 0.421875 0.5564903846153846 0.05048076923076923 0.12259615384615384
10 0.4362980769230769 0.7992788461538461 0.06009615384615385 0.11298076923076923