1 0.25600961538461536 0.1658653846153846 0.05048076923076923 0.12980769230769232
1 0.4699519230769231 0.3329326923076923 0.05048076923076923 0.13221153846153846
5 0.2824519230769231 0.4206730769230769 0.055288461538461536 0.16826923076923078
3 0.22355769230769232 0.30528846153846156 0.07692307692307693 0.1875
6 0.12980769230769232 0.7932692307692307 0.07692307692307693 0.13942307692307693
6 0.27283653846153844 0.09254807692307693 0.055288461538461536 0.11778846153846154
3 0.171875 0.5552884615384616 0.07451923076923077 0.1346153846153846
4 0.3088942307692308 0.34975961538461536 0.04567307692307692 0.10336538461538461
3 0.3870192307692308 0.35096153846153844 0.0625 0.13942307692307693
4 0.3425480769230769 0.10096153846153846 0.04567307692307692 0.10096153846153846
4 0.41947115384615385 0.18389423076923078 0.04567307692307692 0.10336538461538461
4 0.4795673076923077 0.26802884615384615 0.04567307692307692 0.10336538461538461
4 0.46153846153846156 0.4543269230769231 0.052884615384615384 0.10576923076923077
4 0.23798076923076922 0.7908653846153846 0.052884615384615384 0.11538461538461539
4 0.38822115384615385 0.5528846153846154 0.05048076923076923 0.11057692307692307
4 0.4411057692307692 0.6730769230769231 0.055288461538461536 0.11057692307692307
9 0.640625 0.3329326923076923 0.06009615384615385 0.13221153846153846
12 0.6346153846153846 0.7824519230769231 0.0673076923076923 0.13701923076923078
12 0.7992788461538461 0.09375 0.05048076923076923 0.11538461538461539
7 0.8100961538461539 0.15264423076923078 0.057692307692307696 0.14182692307692307
7 0.8425480769230769 0.6646634615384616 0.06971153846153846 0.14182692307692307
8 0.8269230769230769 0.4110576923076923 0.07692307692307693 0.1971153846153846
10 0.5757211538461539 0.2512019230769231 0.04567307692307692 0.10336538461538461
11 0.7211538461538461 0.2247596153846154 0.07211538461538461 0.1658653846153846
10 0.5841346153846154 0.09134615384615384 0.04326923076923077 0.10096153846153846
10 0.7235576923076923 0.16706730769230768 0.04326923076923077 0.0985576923076923
10 0.7319711538461539 0.3425480769230769 0.05048076923076923 0.10336538461538461
10 0.7295673076923077 0.43990384615384615 0.055288461538461536 0.11057692307692307
10 0.7355769230769231 0.6706730769230769 0.04807692307692308 0.10096153846153846
10 0.5552884615384616 0.5588942307692307 0.04807692307692308 0.11778846153846154
10 0.5324519230769231 0.7944711538461539 0.06009615384615385 0.10817307692307693