6 0.39903846153846156 0.06009615384615385 0.057692307692307696 0.11538461538461539
6 0.11778846153846154 0.7367788461538461 0.08173076923076923 0.14182692307692307
2 0.19110576923076922 0.36658653846153844 0.0985576923076923 0.20432692307692307
5 0.38341346153846156 0.2932692307692308 0.07451923076923077 0.1778846153846154
4 0.31971153846153844 0.13942307692307693 0.04807692307692308 0.10576923076923077
4 0.30288461538461536 0.22716346153846154 0.04807692307692308 0.10817307692307693
4 0.27524038461538464 0.40384615384615385 0.055288461538461536 0.10576923076923077
4 0.2620192307692308 0.5108173076923077 0.052884615384615384 0.10817307692307693
4 0.46875 0.3004807692307692 0.052884615384615384 0.10576923076923077
4 0.47115384615384615 0.0625 0.04807692307692308 0.10576923076923077
3 0.39663461538461536 0.12620192307692307 0.052884615384615384 0.13221153846153846
3 0.5384615384615384 0.39663461538461536 0.0673076923076923 0.14423076923076922
7 0.7163461538461539 0.7560096153846154 0.07211538461538461 0.14182692307692307
7 0.8257211538461539 0.4951923076923077 0.07451923076923077 0.13942307692307693
12 0.7908653846153846 0.055288461538461536 0.0673076923076923 0.11057692307692307
8 0.8149038461538461 0.36778846153846156 0.08653846153846154 0.20673076923076922
11 0.6262019230769231 0.2980769230769231 0.08413461538461539 0.17307692307692307
9 0.625 0.19230769230769232 0.057692307692307696 0.13942307692307693
9 0.8137019230769231 0.609375 0.07932692307692307 0.1466346153846154
10 0.5480769230769231 0.30528846153846156 0.04807692307692308 0.10576923076923077
10 0.7127403846153846 0.054086538461538464 0.055288461538461536 0.10817307692307693
10 0.703125 0.21514423076923078 0.055288461538461536 0.11298076923076923
10 0.7139423076923077 0.6237980769230769 0.07211538461538461 0.11778846153846154
10 0.5228365384615384 0.7427884615384616 0.06971153846153846 0.1201923076923077