6 0.41947115384615385 0.057692307692307696 0.06009615384615385 0.09615384615384616
6 0.15865384615384615 0.7524038461538461 0.08173076923076923 0.14903846153846154
2 0.21514423076923078 0.3641826923076923 0.0985576923076923 0.21394230769230768
5 0.41586538461538464 0.29086538461538464 0.07692307692307693 0.1875
4 0.3389423076923077 0.12740384615384615 0.04807692307692308 0.11538461538461539
4 0.328125 0.21875 0.04567307692307692 0.11538461538461539
4 0.30649038461538464 0.4050480769230769 0.055288461538461536 0.11298076923076923
4 0.29927884615384615 0.5168269230769231 0.055288461538461536 0.11538461538461539
4 0.5024038461538461 0.3004807692307692 0.052884615384615384 0.11057692307692307
4 0.4963942307692308 0.05889423076923077 0.05048076923076923 0.09375
3 0.41947115384615385 0.11658653846153846 0.05048076923076923 0.14182692307692307
3 0.5829326923076923 0.4026442307692308 0.06971153846153846 0.15144230769230768
7 0.7884615384615384 0.7836538461538461 0.07211538461538461 0.14903846153846154
7 0.8882211538461539 0.5108173076923077 0.07451923076923077 0.15144230769230768
12 0.8305288461538461 0.0625 0.06971153846153846 0.08653846153846154
8 0.8713942307692307 0.37740384615384615 0.08413461538461539 0.21634615384615385
11 0.6694711538461539 0.3004807692307692 0.08413461538461539 0.18269230769230768
9 0.6634615384615384 0.18870192307692307 0.057692307692307696 0.1466346153846154
9 0.8822115384615384 0.6310096153846154 0.08173076923076923 0.15625
10 0.5877403846153846 0.30649038461538464 0.05048076923076923 0.11298076923076923
10 0.7475961538461539 0.05889423076923077 0.052884615384615384 0.08413461538461539
10 0.7463942307692307 0.21514423076923078 0.055288461538461536 0.11778846153846154
10 0.7776442307692307 0.6442307692307693 0.07451923076923077 0.125
10 0.5817307692307693 0.765625 0.0673076923076923 0.12740384615384615