6 0.5805288461538461 0.057692307692307696 0.06009615384615385 0.09615384615384616
6 0.8413461538461539 0.7524038461538461 0.08173076923076923 0.14903846153846154
2 0.7848557692307693 0.3641826923076923 0.0985576923076923 0.21394230769230768
5 0.5841346153846154 0.29086538461538464 0.07692307692307693 0.1875
4 0.6610576923076923 0.12740384615384615 0.04807692307692308 0.11538461538461539
4 0.671875 0.21875 0.04567307692307692 0.11538461538461539
4 0.6935096153846154 0.4050480769230769 0.055288461538461536 0.11298076923076923
4 0.7007211538461539 0.5168269230769231 0.055288461538461536 0.11538461538461539
4 0.49759615384615385 0.3004807692307692 0.052884615384615384 0.11057692307692307
4 0.5036057692307693 0.05889423076923077 0.05048076923076923 0.09375
3 0.5805288461538461 0.11658653846153846 0.05048076923076923 0.14182692307692307
3 0.4170673076923077 0.4026442307692308 0.06971153846153846 0.15144230769230768
7 0.21153846153846154 0.7836538461538461 0.07211538461538461 0.14903846153846154
7 0.11177884615384616 0.5108173076923077 0.07451923076923077 0.15144230769230768
12 0.16947115384615385 0.0625 0.06971153846153846 0.08653846153846154
8 0.12860576923076922 0.37740384615384615 0.08413461538461539 0.21634615384615385
11 0.33052884615384615 0.3004807692307692 0.08413461538461539 0.18269230769230768
9 0.33653846153846156 0.18870192307692307 0.057692307692307696 0.1466346153846154
9 0.11778846153846154 0.6310096153846154 0.08173076923076923 0.15625
10 0.41225961538461536 0.30649038461538464 0.05048076923076923 0.11298076923076923
10 0.25240384615384615 0.05889423076923077 0.052884615384615384 0.08413461538461539
10 0.2536057692307692 0.21514423076923078 0.055288461538461536 0.11778846153846154
10 0.22235576923076922 0.6442307692307693 0.07451923076923077 0.125
10 0.4182692307692308 0.765625 0.0673076923076923 0.12740384615384615