2 0.21875 0.30288461538461536 0.08173076923076923 0.20673076923076922
6 0.17908653846153846 0.5372596153846154 0.07451923076923077 0.13701923076923078
6 0.2548076923076923 0.08653846153846154 0.057692307692307696 0.12980769230769232
3 0.3918269230769231 0.34615384615384615 0.0625 0.14423076923076922
3 0.3425480769230769 0.6670673076923077 0.07451923076923077 0.15625
4 0.23557692307692307 0.7956730769230769 0.0625 0.1201923076923077
5 0.46634615384615385 0.4362980769230769 0.07211538461538461 0.18028846153846154
4 0.41346153846153844 0.1814903846153846 0.052884615384615384 0.11778846153846154
4 0.3004807692307692 0.35216346153846156 0.04807692307692308 0.11298076923076923
4 0.37740384615384615 0.5528846153846154 0.057692307692307696 0.11538461538461539
4 0.4387019230769231 0.6826923076923077 0.05048076923076923 0.11538461538461539
4 0.4735576923076923 0.27283653846153844 0.052884615384615384 0.10817307692307693
1 0.33774038461538464 0.0829326923076923 0.055288461538461536 0.14182692307692307
1 0.6286057692307693 0.5576923076923077 0.06490384615384616 0.15384615384615385
11 0.6478365384615384 0.16105769230769232 0.06490384615384616 0.1778846153846154
8 0.828125 0.42908653846153844 0.0889423076923077 0.2091346153846154
9 0.7475961538461539 0.8149038461538461 0.07211538461538461 0.15865384615384615
12 0.8016826923076923 0.10336538461538461 0.055288461538461536 0.12980769230769232
7 0.8088942307692307 0.16706730769230768 0.055288461538461536 0.1466346153846154
7 0.8473557692307693 0.6899038461538461 0.07451923076923077 0.15384615384615385
9 0.6394230769230769 0.3449519230769231 0.0673076923076923 0.1466346153846154
10 0.5817307692307693 0.09615384615384616 0.052884615384615384 0.11057692307692307
10 0.5757211538461539 0.25721153846153844 0.05048076923076923 0.11538461538461539
10 0.7211538461538461 0.18269230769230768 0.052884615384615384 0.11057692307692307
10 0.7331730769230769 0.35697115384615385 0.052884615384615384 0.10817307692307693
10 0.7307692307692307 0.46033653846153844 0.057692307692307696 0.11778846153846154
10 0.7379807692307693 0.6887019230769231 0.057692307692307696 0.11778846153846154