2 0.21634615384615385 0.30288461538461536 0.08173076923076923 0.20673076923076922
6 0.18389423076923078 0.5420673076923077 0.07451923076923077 0.14182692307692307
6 0.25 0.08052884615384616 0.057692307692307696 0.13221153846153846
3 0.3942307692307692 0.3425480769230769 0.0625 0.1466346153846154
3 0.3545673076923077 0.6730769230769231 0.07451923076923077 0.15865384615384615
4 0.25 0.8052884615384616 0.0625 0.1201923076923077
5 0.4735576923076923 0.4338942307692308 0.07211538461538461 0.18028846153846154
4 0.4110576923076923 0.17427884615384615 0.052884615384615384 0.11778846153846154
4 0.3016826923076923 0.35216346153846156 0.05048076923076923 0.11298076923076923
4 0.3870192307692308 0.5540865384615384 0.057692307692307696 0.11778846153846154
4 0.453125 0.6850961538461539 0.05048076923076923 0.11538461538461539
4 0.47836538461538464 0.26802884615384615 0.052884615384615384 0.10817307692307693
1 0.3329326923076923 0.07451923076923077 0.055288461538461536 0.14423076923076922
1 0.6430288461538461 0.5528846153846154 0.06490384615384616 0.15384615384615385
11 0.6514423076923077 0.14783653846153846 0.0673076923076923 0.18028846153846154
8 0.84375 0.4170673076923077 0.09134615384615384 0.21394230769230768
9 0.7716346153846154 0.8137019230769231 0.07211538461538461 0.16105769230769232
12 0.8064903846153846 0.08533653846153846 0.055288461538461536 0.13221153846153846
7 0.8149038461538461 0.1502403846153846 0.057692307692307696 0.15144230769230768
7 0.8689903846153846 0.6826923076923077 0.07451923076923077 0.15865384615384615
9 0.6490384615384616 0.33653846153846156 0.0673076923076923 0.14903846153846154
10 0.5817307692307693 0.0829326923076923 0.052884615384615384 0.11298076923076923
10 0.5793269230769231 0.24759615384615385 0.052884615384615384 0.11538461538461539
10 0.7259615384615384 0.16706730769230768 0.052884615384615384 0.11298076923076923
10 0.7451923076923077 0.3449519230769231 0.052884615384615384 0.10817307692307693
10 0.7451923076923077 0.4495192307692308 0.057692307692307696 0.1201923076923077
10 0.7572115384615384 0.6838942307692307 0.057692307692307696 0.11778846153846154