2 0.7836538461538461 0.30288461538461536 0.08173076923076923 0.20673076923076922
6 0.8161057692307693 0.5420673076923077 0.07451923076923077 0.14182692307692307
6 0.75 0.08052884615384616 0.057692307692307696 0.13221153846153846
3 0.6057692307692307 0.3425480769230769 0.0625 0.1466346153846154
3 0.6454326923076923 0.6730769230769231 0.07451923076923077 0.15865384615384615
4 0.75 0.8052884615384616 0.0625 0.1201923076923077
5 0.5264423076923077 0.4338942307692308 0.07211538461538461 0.18028846153846154
4 0.5889423076923077 0.17427884615384615 0.052884615384615384 0.11778846153846154
4 0.6983173076923077 0.35216346153846156 0.05048076923076923 0.11298076923076923
4 0.6129807692307693 0.5540865384615384 0.057692307692307696 0.11778846153846154
4 0.546875 0.6850961538461539 0.05048076923076923 0.11538461538461539
4 0.5216346153846154 0.26802884615384615 0.052884615384615384 0.10817307692307693
1 0.6670673076923077 0.07451923076923077 0.055288461538461536 0.14423076923076922
1 0.35697115384615385 0.5528846153846154 0.06490384615384616 0.15384615384615385
11 0.3485576923076923 0.14783653846153846 0.0673076923076923 0.18028846153846154
8 0.15625 0.4170673076923077 0.09134615384615384 0.21394230769230768
9 0.2283653846153846 0.8137019230769231 0.07211538461538461 0.16105769230769232
12 0.1935096153846154 0.08533653846153846 0.055288461538461536 0.13221153846153846
7 0.18509615384615385 0.1502403846153846 0.057692307692307696 0.15144230769230768
7 0.1310096153846154 0.6826923076923077 0.07451923076923077 0.15865384615384615
9 0.35096153846153844 0.33653846153846156 0.0673076923076923 0.14903846153846154
10 0.4182692307692308 0.0829326923076923 0.052884615384615384 0.11298076923076923
10 0.4206730769230769 0.24759615384615385 0.052884615384615384 0.11538461538461539
10 0.27403846153846156 0.16706730769230768 0.052884615384615384 0.11298076923076923
10 0.2548076923076923 0.3449519230769231 0.052884615384615384 0.10817307692307693
10 0.2548076923076923 0.4495192307692308 0.057692307692307696 0.1201923076923077
10 0.24278846153846154 0.6838942307692307 0.057692307692307696 0.11778846153846154