1 0.609375 0.14783653846153846 0.06009615384615385 0.15144230769230768
2 0.7884615384615384 0.29086538461538464 0.09134615384615384 0.21634615384615385
6 0.5252403846153846 0.23557692307692307 0.06971153846153846 0.12980769230769232
3 0.44471153846153844 0.23918269230769232 0.0673076923076923 0.13701923076923078
3 0.45552884615384615 0.7896634615384616 0.08413461538461539 0.1658653846153846
4 0.7704326923076923 0.7932692307692307 0.06971153846153846 0.13942307692307693
6 0.5769230769230769 0.07091346153846154 0.0673076923076923 0.12740384615384615
4 0.6995192307692307 0.33653846153846156 0.0625 0.11538461538461539
4 0.5588942307692307 0.6730769230769231 0.06009615384615385 0.125
4 0.625 0.5396634615384616 0.0673076923076923 0.12740384615384615
4 0.4987980769230769 0.15865384615384615 0.055288461538461536 0.11538461538461539
4 0.42427884615384615 0.16466346153846154 0.05048076923076923 0.12259615384615384
8 0.16346153846153846 0.4014423076923077 0.09134615384615384 0.21634615384615385
11 0.34615384615384615 0.1310096153846154 0.0673076923076923 0.18509615384615385
9 0.2439903846153846 0.7956730769230769 0.0889423076923077 0.16826923076923078
12 0.1935096153846154 0.06850961538461539 0.06490384615384616 0.13221153846153846
7 0.18269230769230768 0.1346153846153846 0.0625 0.15384615384615385
7 0.3629807692307692 0.42427884615384615 0.0673076923076923 0.15144230769230768
10 0.41586538461538464 0.06971153846153846 0.052884615384615384 0.11538461538461539
10 0.27163461538461536 0.15144230769230768 0.057692307692307696 0.11057692307692307
10 0.2620192307692308 0.33052884615384615 0.057692307692307696 0.11778846153846154
10 0.26322115384615385 0.4326923076923077 0.06009615384615385 0.125
10 0.3641826923076923 0.5625 0.06009615384615385 0.125