1 0.5985576923076923 0.14543269230769232 0.0625 0.1466346153846154
2 0.7692307692307693 0.2860576923076923 0.09615384615384616 0.21634615384615385
6 0.5108173076923077 0.23677884615384615 0.06971153846153846 0.12740384615384615
3 0.42908653846153844 0.24158653846153846 0.06971153846153846 0.13701923076923078
3 0.41466346153846156 0.7884615384615384 0.08413461538461539 0.16346153846153846
4 0.7259615384615384 0.7860576923076923 0.07211538461538461 0.13942307692307693
6 0.5685096153846154 0.06610576923076923 0.06490384615384616 0.13221153846153846
4 0.6778846153846154 0.33413461538461536 0.0625 0.11538461538461539
4 0.5240384615384616 0.6706730769230769 0.0625 0.125
4 0.59375 0.5360576923076923 0.0673076923076923 0.125
4 0.48677884615384615 0.15865384615384615 0.055288461538461536 0.11538461538461539
4 0.4098557692307692 0.16706730769230768 0.05048076923076923 0.11778846153846154
8 0.140625 0.40865384615384615 0.09375 0.21634615384615385
11 0.33774038461538464 0.1346153846153846 0.06971153846153846 0.18269230769230768
9 0.20432692307692307 0.7992788461538461 0.09134615384615384 0.1658653846153846
12 0.18629807692307693 0.07692307692307693 0.06490384615384616 0.12980769230769232
7 0.171875 0.14182692307692307 0.06490384615384616 0.15384615384615385
7 0.3389423076923077 0.4254807692307692 0.0673076923076923 0.14903846153846154
10 0.4074519230769231 0.0733173076923077 0.055288461538461536 0.11298076923076923
10 0.2608173076923077 0.15625 0.055288461538461536 0.11057692307692307
10 0.24278846153846154 0.33774038461538464 0.057692307692307696 0.11778846153846154
10 0.2403846153846154 0.4387019230769231 0.0625 0.12259615384615384
10 0.33413461538461536 0.5649038461538461 0.0625 0.125