1 0.6237980769230769 0.16826923076923078 0.06490384615384616 0.15384615384615385
2 0.8064903846153846 0.3161057692307692 0.0985576923076923 0.21875
6 0.5384615384615384 0.25600961538461536 0.07211538461538461 0.13221153846153846
3 0.4567307692307692 0.25841346153846156 0.07211538461538461 0.14182692307692307
3 0.47836538461538464 0.8137019230769231 0.08653846153846154 0.17067307692307693
4 0.7944711538461539 0.8233173076923077 0.07451923076923077 0.14182692307692307
6 0.5877403846153846 0.08653846153846154 0.06971153846153846 0.1346153846153846
4 0.7163461538461539 0.36177884615384615 0.0625 0.11778846153846154
4 0.5817307692307693 0.6995192307692307 0.0625 0.12980769230769232
4 0.6442307692307693 0.5649038461538461 0.0673076923076923 0.12980769230769232
4 0.5108173076923077 0.17668269230769232 0.055288461538461536 0.11778846153846154
4 0.43509615384615385 0.1814903846153846 0.052884615384615384 0.12259615384615384
8 0.17548076923076922 0.4170673076923077 0.09615384615384616 0.21875
11 0.35697115384615385 0.1466346153846154 0.06971153846153846 0.1875
9 0.2644230769230769 0.8173076923076923 0.09134615384615384 0.16826923076923078
12 0.19951923076923078 0.08052884615384616 0.0673076923076923 0.13221153846153846
7 0.18990384615384615 0.14783653846153846 0.0673076923076923 0.15625
7 0.3786057692307692 0.4423076923076923 0.06971153846153846 0.15384615384615385
10 0.42427884615384615 0.08653846153846154 0.055288461538461536 0.11538461538461539
10 0.28125 0.16466346153846154 0.057692307692307696 0.11298076923076923
10 0.27403846153846156 0.3485576923076923 0.0625 0.1201923076923077
10 0.2776442307692308 0.45072115384615385 0.06490384615384616 0.12740384615384615
10 0.38100961538461536 0.5829326923076923 0.06490384615384616 0.12740384615384615