1 0.3762019230769231 0.16826923076923078 0.06490384615384616 0.15384615384615385
2 0.1935096153846154 0.3161057692307692 0.0985576923076923 0.21875
6 0.46153846153846156 0.25600961538461536 0.07211538461538461 0.13221153846153846
3 0.5432692307692307 0.25841346153846156 0.07211538461538461 0.14182692307692307
3 0.5216346153846154 0.8137019230769231 0.08653846153846154 0.17067307692307693
4 0.20552884615384615 0.8233173076923077 0.07451923076923077 0.14182692307692307
6 0.41225961538461536 0.08653846153846154 0.06971153846153846 0.1346153846153846
4 0.28365384615384615 0.36177884615384615 0.0625 0.11778846153846154
4 0.4182692307692308 0.6995192307692307 0.0625 0.12980769230769232
4 0.3557692307692308 0.5649038461538461 0.0673076923076923 0.12980769230769232
4 0.4891826923076923 0.17668269230769232 0.055288461538461536 0.11778846153846154
4 0.5649038461538461 0.1814903846153846 0.052884615384615384 0.12259615384615384
8 0.8245192307692307 0.4170673076923077 0.09615384615384616 0.21875
11 0.6430288461538461 0.1466346153846154 0.06971153846153846 0.1875
9 0.7355769230769231 0.8173076923076923 0.09134615384615384 0.16826923076923078
12 0.8004807692307693 0.08052884615384616 0.0673076923076923 0.13221153846153846
7 0.8100961538461539 0.14783653846153846 0.0673076923076923 0.15625
7 0.6213942307692307 0.4423076923076923 0.06971153846153846 0.15384615384615385
10 0.5757211538461539 0.08653846153846154 0.055288461538461536 0.11538461538461539
10 0.71875 0.16466346153846154 0.057692307692307696 0.11298076923076923
10 0.7259615384615384 0.3485576923076923 0.0625 0.1201923076923077
10 0.7223557692307693 0.45072115384615385 0.06490384615384616 0.12740384615384615
10 0.6189903846153846 0.5829326923076923 0.06490384615384616 0.12740384615384615