5 0.8257211538461539 0.3004807692307692 0.07451923076923077 0.16346153846153846
2 0.8317307692307693 0.37740384615384615 0.08173076923076923 0.1971153846153846
1 0.8581730769230769 0.5084134615384616 0.0625 0.13701923076923078
1 0.7932692307692307 0.2127403846153846 0.052884615384615384 0.13221153846153846
3 0.78125 0.1346153846153846 0.0625 0.11538461538461539
3 0.8786057692307693 0.6346153846153846 0.07932692307692307 0.125
6 0.7776442307692307 0.05889423076923077 0.05048076923076923 0.10817307692307693
6 0.8954326923076923 0.7620192307692307 0.07451923076923077 0.1346153846153846
4 0.7908653846153846 0.7632211538461539 0.057692307692307696 0.10817307692307693
4 0.7716346153846154 0.6346153846153846 0.052884615384615384 0.10576923076923077
4 0.7548076923076923 0.5240384615384616 0.04807692307692308 0.10096153846153846
4 0.7403846153846154 0.41466346153846156 0.04807692307692308 0.10336538461538461
4 0.7247596153846154 0.3137019230769231 0.05048076923076923 0.0985576923076923
4 0.7115384615384616 0.22716346153846154 0.04326923076923077 0.10336538461538461
4 0.6983173076923077 0.14302884615384615 0.04567307692307692 0.09375
4 0.6923076923076923 0.056490384615384616 0.04326923076923077 0.0985576923076923
11 0.20552884615384615 0.27524038461538464 0.06971153846153846 0.17548076923076922
8 0.19230769230769232 0.36538461538461536 0.07211538461538461 0.20192307692307693
7 0.20673076923076922 0.19831730769230768 0.052884615384615384 0.13701923076923078
7 0.18028846153846154 0.4951923076923077 0.0625 0.13942307692307693
9 0.22235576923076922 0.11658653846153846 0.055288461538461536 0.13221153846153846
9 0.18990384615384615 0.6153846153846154 0.07211538461538461 0.14903846153846154
12 0.16706730769230768 0.765625 0.06971153846153846 0.14182692307692307
12 0.21995192307692307 0.04567307692307692 0.05048076923076923 0.09134615384615384
10 0.3004807692307692 0.046875 0.04326923076923077 0.09375
10 0.3004807692307692 0.12860576923076922 0.04807692307692308 0.09375
10 0.29927884615384615 0.21995192307692307 0.04567307692307692 0.10336538461538461
10 0.2956730769230769 0.3076923076923077 0.052884615384615384 0.10576923076923077
10 0.29927884615384615 0.41466346153846156 0.05048076923076923 0.10336538461538461
10 0.28725961538461536 0.5240384615384616 0.06009615384615385 0.11057692307692307
10 0.2920673076923077 0.6310096153846154 0.055288461538461536 0.11298076923076923
10 0.2800480769230769 0.7608173076923077 0.06009615384615385 0.10817307692307693