5 0.7884615384615384 0.27524038461538464 0.07211538461538461 0.16105769230769232
2 0.7920673076923077 0.34975961538461536 0.07451923076923077 0.18990384615384615
1 0.8137019230769231 0.47716346153846156 0.06009615384615385 0.13221153846153846
1 0.7608173076923077 0.19110576923076922 0.05048076923076923 0.12740384615384615
3 0.7512019230769231 0.11658653846153846 0.06009615384615385 0.11298076923076923
3 0.8305288461538461 0.5985576923076923 0.07451923076923077 0.1201923076923077
6 0.75 0.046875 0.04807692307692308 0.09375
6 0.8413461538461539 0.7223557692307693 0.07211538461538461 0.12740384615384615
4 0.7379807692307693 0.7247596153846154 0.052884615384615384 0.10336538461538461
4 0.7259615384615384 0.6021634615384616 0.052884615384615384 0.10336538461538461
4 0.7127403846153846 0.49399038461538464 0.04567307692307692 0.0985576923076923
4 0.7019230769230769 0.3894230769230769 0.04807692307692308 0.10096153846153846
4 0.6899038461538461 0.29086538461538464 0.04807692307692308 0.09615384615384616
4 0.6814903846153846 0.20793269230769232 0.040865384615384616 0.0985576923076923
4 0.6706730769230769 0.125 0.04326923076923077 0.09134615384615384
4 0.6670673076923077 0.04447115384615385 0.040865384615384616 0.0889423076923077
11 0.18870192307692307 0.265625 0.06490384615384616 0.17067307692307693
8 0.17067307692307693 0.35216346153846156 0.0673076923076923 0.19471153846153846
7 0.19230769230769232 0.19110576923076922 0.052884615384615384 0.13221153846153846
7 0.15625 0.4795673076923077 0.057692307692307696 0.13221153846153846
9 0.21153846153846154 0.11057692307692307 0.052884615384615384 0.12980769230769232
9 0.16105769230769232 0.5961538461538461 0.0673076923076923 0.14423076923076922
12 0.13341346153846154 0.7415865384615384 0.06490384615384616 0.13701923076923078
12 0.21153846153846154 0.04447115384615385 0.04807692307692308 0.0889423076923077
10 0.28966346153846156 0.04447115384615385 0.040865384615384616 0.0889423076923077
10 0.2860576923076923 0.12139423076923077 0.04326923076923077 0.0889423076923077
10 0.28125 0.21033653846153846 0.04326923076923077 0.0985576923076923
10 0.27524038461538464 0.2956730769230769 0.05048076923076923 0.10096153846153846
10 0.27524038461538464 0.39903846153846156 0.05048076923076923 0.10096153846153846
10 0.25961538461538464 0.5048076923076923 0.057692307692307696 0.10576923076923077
10 0.25961538461538464 0.609375 0.052884615384615384 0.10817307692307693
10 0.24639423076923078 0.7331730769230769 0.055288461538461536 0.10576923076923077