6 0.12860576923076922 0.7163461538461539 0.07932692307692307 0.15865384615384615
4 0.4651442307692308 0.038461538461538464 0.055288461538461536 0.07692307692307693
2 0.18389423076923078 0.3401442307692308 0.0889423076923077 0.21875
5 0.38461538461538464 0.25961538461538464 0.07211538461538461 0.1875
4 0.2764423076923077 0.37740384615384615 0.0625 0.10576923076923077
4 0.30288461538461536 0.19591346153846154 0.057692307692307696 0.10336538461538461
4 0.3161057692307692 0.10697115384615384 0.05048076923076923 0.10817307692307693
4 0.46634615384615385 0.27283653846153844 0.04807692307692308 0.11298076923076923
4 0.35216346153846156 0.49278846153846156 0.06009615384615385 0.1201923076923077
3 0.5492788461538461 0.3701923076923077 0.07451923076923077 0.14903846153846154
7 0.5432692307692307 0.5841346153846154 0.07211538461538461 0.15384615384615385
11 0.6310096153846154 0.2620192307692308 0.06971153846153846 0.1971153846153846
9 0.47716346153846156 0.10096153846153846 0.06009615384615385 0.15384615384615385
9 0.8317307692307693 0.5889423076923077 0.08173076923076923 0.15384615384615385
8 0.828125 0.3389423076923077 0.08413461538461539 0.21153846153846154
12 0.7944711538461539 0.038461538461538464 0.06971153846153846 0.07692307692307693
12 0.7367788461538461 0.7319711538461539 0.07932692307692307 0.1466346153846154
10 0.7307692307692307 0.6009615384615384 0.0625 0.1201923076923077
10 0.5480769230769231 0.2704326923076923 0.057692307692307696 0.11298076923076923
10 0.7103365384615384 0.036057692307692304 0.05048076923076923 0.07211538461538461
10 0.7079326923076923 0.18870192307692307 0.055288461538461536 0.10336538461538461
10 0.5336538461538461 0.7235576923076923 0.0673076923076923 0.125