6 0.8641826923076923 0.7115384615384616 0.07932692307692307 0.15865384615384615
4 0.5288461538461539 0.042067307692307696 0.052884615384615384 0.08413461538461539
2 0.8088942307692307 0.34134615384615385 0.0889423076923077 0.21634615384615385
5 0.609375 0.2644230769230769 0.06971153846153846 0.1875
4 0.7163461538461539 0.3798076923076923 0.0625 0.10576923076923077
4 0.6911057692307693 0.20072115384615385 0.06009615384615385 0.10336538461538461
4 0.6790865384615384 0.11177884615384616 0.05048076923076923 0.10817307692307693
4 0.5288461538461539 0.2776442307692308 0.04807692307692308 0.11298076923076923
4 0.6418269230769231 0.4951923076923077 0.057692307692307696 0.1201923076923077
3 0.4483173076923077 0.3762019230769231 0.07451923076923077 0.1466346153846154
7 0.453125 0.5889423076923077 0.06971153846153846 0.15384615384615385
11 0.36658653846153844 0.2704326923076923 0.06971153846153846 0.19471153846153846
9 0.5180288461538461 0.10817307692307693 0.06009615384615385 0.15384615384615385
9 0.16706730769230768 0.5973557692307693 0.07932692307692307 0.15625
8 0.17067307692307693 0.35096153846153844 0.08173076923076923 0.21153846153846154
12 0.20432692307692307 0.04567307692307692 0.0673076923076923 0.09134615384615384
12 0.2608173076923077 0.7379807692307693 0.07932692307692307 0.14423076923076922
10 0.2668269230769231 0.6081730769230769 0.0625 0.1201923076923077
10 0.44591346153846156 0.2800480769230769 0.055288461538461536 0.11298076923076923
10 0.2860576923076923 0.04326923076923077 0.052884615384615384 0.08653846153846154
10 0.28966346153846156 0.20072115384615385 0.055288461538461536 0.10336538461538461
10 0.46274038461538464 0.7247596153846154 0.06490384615384616 0.12740384615384615