6 0.10336538461538461 0.7524038461538461 0.08653846153846154 0.16346153846153846
4 0.4411057692307692 0.04447115384615385 0.06009615384615385 0.0889423076923077
2 0.15504807692307693 0.3641826923076923 0.09375 0.22355769230769232
5 0.359375 0.2800480769230769 0.07451923076923077 0.19471153846153846
4 0.2512019230769231 0.4026442307692308 0.06490384615384616 0.10817307692307693
4 0.27524038461538464 0.2127403846153846 0.06009615384615385 0.10817307692307693
4 0.2860576923076923 0.12139423076923077 0.052884615384615384 0.11298076923076923
4 0.44591346153846156 0.29086538461538464 0.05048076923076923 0.11538461538461539
4 0.3317307692307692 0.5204326923076923 0.0625 0.12259615384615384
3 0.5324519230769231 0.3918269230769231 0.07932692307692307 0.15384615384615385
7 0.5300480769230769 0.6153846153846154 0.07451923076923077 0.15865384615384615
11 0.6153846153846154 0.2800480769230769 0.07211538461538461 0.20432692307692307
9 0.453125 0.11298076923076923 0.06490384615384616 0.15865384615384615
9 0.8293269230769231 0.6165865384615384 0.08653846153846154 0.16105769230769232
8 0.8209134615384616 0.3581730769230769 0.0889423076923077 0.21634615384615385
12 0.7800480769230769 0.04447115384615385 0.07451923076923077 0.0889423076923077
12 0.734375 0.765625 0.08413461538461539 0.15144230769230768
10 0.7247596153846154 0.6298076923076923 0.06490384615384616 0.125
10 0.53125 0.29086538461538464 0.057692307692307696 0.11538461538461539
10 0.6935096153846154 0.042067307692307696 0.055288461538461536 0.08413461538461539
10 0.6947115384615384 0.20432692307692307 0.057692307692307696 0.10576923076923077
10 0.5228365384615384 0.7572115384615384 0.06971153846153846 0.12980769230769232