5 0.7944711538461539 0.25961538461538464 0.06490384615384616 0.15384615384615385
2 0.7992788461538461 0.34615384615384615 0.08413461538461539 0.1971153846153846
1 0.7644230769230769 0.1814903846153846 0.057692307692307696 0.13701923076923078
1 0.8112980769230769 0.48677884615384615 0.06490384615384616 0.13701923076923078
6 0.7463942307692307 0.09375 0.06009615384615385 0.125
6 0.8365384615384616 0.6069711538461539 0.07692307692307693 0.14182692307692307
6 0.7439903846153846 0.05048076923076923 0.05048076923076923 0.057692307692307696
6 0.8497596153846154 0.7403846153846154 0.07932692307692307 0.13942307692307693
4 0.6538461538461539 0.04447115384615385 0.04807692307692308 0.05048076923076923
4 0.6598557692307693 0.10216346153846154 0.04567307692307692 0.0985576923076923
4 0.671875 0.18870192307692307 0.05048076923076923 0.10336538461538461
4 0.6826923076923077 0.27403846153846156 0.04807692307692308 0.11538461538461539
4 0.6983173076923077 0.37740384615384615 0.04567307692307692 0.11057692307692307
4 0.7115384615384616 0.4879807692307692 0.04807692307692308 0.11538461538461539
4 0.7283653846153846 0.6057692307692307 0.052884615384615384 0.11538461538461539
4 0.7439903846153846 0.7367788461538461 0.055288461538461536 0.12740384615384615
11 0.14903846153846154 0.23317307692307693 0.07211538461538461 0.1778846153846154
8 0.13581730769230768 0.32211538461538464 0.07451923076923077 0.20673076923076922
7 0.15384615384615385 0.15144230769230768 0.057692307692307696 0.13942307692307693
7 0.1201923076923077 0.453125 0.0673076923076923 0.15144230769230768
9 0.1622596153846154 0.07211538461538461 0.06009615384615385 0.12980769230769232
9 0.11778846153846154 0.5973557692307693 0.07211538461538461 0.1466346153846154
12 0.10576923076923077 0.7295673076923077 0.07211538461538461 0.15144230769230768
12 0.171875 0.026442307692307692 0.055288461538461536 0.04326923076923077
10 0.25 0.026442307692307692 0.052884615384615384 0.038461538461538464
10 0.25 0.08413461538461539 0.052884615384615384 0.10096153846153846
10 0.24879807692307693 0.17548076923076922 0.05048076923076923 0.10576923076923077
10 0.24158653846153846 0.2668269230769231 0.06009615384615385 0.10576923076923077
10 0.24158653846153846 0.3762019230769231 0.06009615384615385 0.11298076923076923
10 0.23076923076923078 0.484375 0.0625 0.10336538461538461
10 0.23076923076923078 0.5961538461538461 0.0673076923076923 0.11538461538461539
10 0.21995192307692307 0.7259615384615384 0.06490384615384616 0.11538461538461539