5 0.20552884615384615 0.25961538461538464 0.06490384615384616 0.15384615384615385
2 0.20072115384615385 0.34615384615384615 0.08413461538461539 0.1971153846153846
1 0.23557692307692307 0.1814903846153846 0.057692307692307696 0.13701923076923078
1 0.18870192307692307 0.48677884615384615 0.06490384615384616 0.13701923076923078
6 0.2536057692307692 0.09375 0.06009615384615385 0.125
6 0.16346153846153846 0.6069711538461539 0.07692307692307693 0.14182692307692307
6 0.25600961538461536 0.05048076923076923 0.05048076923076923 0.057692307692307696
6 0.1502403846153846 0.7403846153846154 0.07932692307692307 0.13942307692307693
4 0.34615384615384615 0.04447115384615385 0.04807692307692308 0.05048076923076923
4 0.3401442307692308 0.10216346153846154 0.04567307692307692 0.0985576923076923
4 0.328125 0.18870192307692307 0.05048076923076923 0.10336538461538461
4 0.3173076923076923 0.27403846153846156 0.04807692307692308 0.11538461538461539
4 0.3016826923076923 0.37740384615384615 0.04567307692307692 0.11057692307692307
4 0.28846153846153844 0.4879807692307692 0.04807692307692308 0.11538461538461539
4 0.27163461538461536 0.6057692307692307 0.052884615384615384 0.11538461538461539
4 0.25600961538461536 0.7367788461538461 0.055288461538461536 0.12740384615384615
11 0.8509615384615384 0.23317307692307693 0.07211538461538461 0.1778846153846154
8 0.8641826923076923 0.32211538461538464 0.07451923076923077 0.20673076923076922
7 0.8461538461538461 0.15144230769230768 0.057692307692307696 0.13942307692307693
7 0.8798076923076923 0.453125 0.0673076923076923 0.15144230769230768
9 0.8377403846153846 0.07211538461538461 0.06009615384615385 0.12980769230769232
9 0.8822115384615384 0.5973557692307693 0.07211538461538461 0.1466346153846154
12 0.8942307692307693 0.7295673076923077 0.07211538461538461 0.15144230769230768
12 0.828125 0.026442307692307692 0.055288461538461536 0.04326923076923077
10 0.75 0.026442307692307692 0.052884615384615384 0.038461538461538464
10 0.75 0.08413461538461539 0.052884615384615384 0.10096153846153846
10 0.7512019230769231 0.17548076923076922 0.05048076923076923 0.10576923076923077
10 0.7584134615384616 0.2668269230769231 0.06009615384615385 0.10576923076923077
10 0.7584134615384616 0.3762019230769231 0.06009615384615385 0.11298076923076923
10 0.7692307692307693 0.484375 0.0625 0.10336538461538461
10 0.7692307692307693 0.5961538461538461 0.0673076923076923 0.11538461538461539
10 0.7800480769230769 0.7259615384615384 0.06490384615384616 0.11538461538461539