5 0.7836538461538461 0.296875 0.0625 0.1466346153846154
2 0.7884615384615384 0.3798076923076923 0.08173076923076923 0.1875
1 0.7572115384615384 0.22355769230769232 0.052884615384615384 0.12980769230769232
1 0.796875 0.5144230769230769 0.06009615384615385 0.12980769230769232
6 0.7403846153846154 0.140625 0.057692307692307696 0.11778846153846154
6 0.8209134615384616 0.625 0.07451923076923077 0.1346153846153846
6 0.7367788461538461 0.07091346153846154 0.05048076923076923 0.11298076923076923
6 0.8341346153846154 0.7536057692307693 0.07692307692307693 0.13221153846153846
4 0.6514423076923077 0.07091346153846154 0.04326923076923077 0.0985576923076923
4 0.6574519230769231 0.15144230769230768 0.04567307692307692 0.09615384615384616
4 0.6682692307692307 0.234375 0.04807692307692308 0.0985576923076923
4 0.6766826923076923 0.3161057692307692 0.04567307692307692 0.10817307692307693
4 0.6911057692307693 0.41346153846153844 0.04567307692307692 0.10576923076923077
4 0.703125 0.5192307692307693 0.04567307692307692 0.11057692307692307
4 0.7163461538461539 0.6322115384615384 0.04807692307692308 0.11057692307692307
4 0.7307692307692307 0.7548076923076923 0.052884615384615384 0.1201923076923077
11 0.16826923076923078 0.29927884615384615 0.0673076923076923 0.17067307692307693
8 0.15264423076923078 0.3870192307692308 0.06971153846153846 0.1971153846153846
7 0.17307692307692307 0.22115384615384615 0.052884615384615384 0.1346153846153846
7 0.13701923076923078 0.5108173076923077 0.0625 0.14182692307692307
9 0.18028846153846154 0.14543269230769232 0.057692307692307696 0.12259615384615384
9 0.13221153846153846 0.6502403846153846 0.07211538461538461 0.14182692307692307
12 0.11899038461538461 0.7788461538461539 0.06971153846153846 0.14423076923076922
12 0.18990384615384615 0.06850961538461539 0.052884615384615384 0.10817307692307693
10 0.2644230769230769 0.06971153846153846 0.04807692307692308 0.09134615384615384
10 0.265625 0.15264423076923078 0.05048076923076923 0.09375
10 0.26322115384615385 0.2403846153846154 0.05048076923076923 0.10096153846153846
10 0.2548076923076923 0.328125 0.057692307692307696 0.10336538461538461
10 0.2536057692307692 0.43149038461538464 0.06009615384615385 0.10817307692307693
10 0.24158653846153846 0.5372596153846154 0.06009615384615385 0.0985576923076923
10 0.2403846153846154 0.6430288461538461 0.0625 0.10817307692307693
10 0.2283653846153846 0.7680288461538461 0.0625 0.10817307692307693