10 0.7163461538461539 0.171875 0.04326923076923077 0.09375
4 0.2920673076923077 0.3473557692307692 0.04567307692307692 0.10336538461538461
2 0.20192307692307693 0.2980769230769231 0.07692307692307693 0.21153846153846154
4 0.46875 0.26322115384615385 0.04326923076923077 0.09375
10 0.7211538461538461 0.10096153846153846 0.057692307692307696 0.10576923076923077
4 0.4050480769230769 0.17548076923076922 0.05048076923076923 0.10096153846153846
1 0.2403846153846154 0.15745192307692307 0.057692307692307696 0.13221153846153846
11 0.7139423076923077 0.21514423076923078 0.07211538461538461 0.13221153846153846
10 0.7151442307692307 0.3389423076923077 0.06009615384615385 0.12980769230769232
4 0.32211538461538464 0.09254807692307693 0.04326923076923077 0.09375
10 0.5697115384615384 0.25240384615384615 0.04807692307692308 0.11057692307692307
8 0.8305288461538461 0.4206730769230769 0.07451923076923077 0.1875
7 0.8040865384615384 0.17067307692307693 0.06971153846153846 0.15384615384615385
3 0.4651442307692308 0.3485576923076923 0.06490384615384616 0.12980769230769232
12 0.8004807692307693 0.10576923076923077 0.0673076923076923 0.15384615384615385
10 0.5456730769230769 0.5697115384615384 0.0625 0.11538461538461539
3 0.37740384615384615 0.33413461538461536 0.0625 0.14423076923076922
5 0.2644230769230769 0.43149038461538464 0.07692307692307693 0.16105769230769232
4 0.4266826923076923 0.671875 0.06009615384615385 0.10817307692307693
10 0.734375 0.6838942307692307 0.055288461538461536 0.10817307692307693
6 0.25841346153846156 0.08052884615384616 0.055288461538461536 0.10336538461538461
4 0.3762019230769231 0.5552884615384616 0.055288461538461536 0.1201923076923077
6 0.11538461538461539 0.7932692307692307 0.07692307692307693 0.14903846153846154
7 0.8521634615384616 0.6790865384615384 0.07451923076923077 0.1466346153846154
3 0.15504807692307693 0.546875 0.08413461538461539 0.12740384615384615
9 0.8305288461538461 0.5600961538461539 0.07451923076923077 0.15384615384615385
9 0.6370192307692307 0.3329326923076923 0.0625 0.1466346153846154
10 0.7247596153846154 0.4387019230769231 0.06490384615384616 0.13221153846153846
4 0.4495192307692308 0.46153846153846156 0.057692307692307696 0.11538461538461539
10 0.5372596153846154 0.8004807692307693 0.06490384615384616 0.125
12 0.6322115384615384 0.8004807692307693 0.07211538461538461 0.14903846153846154
4 0.22115384615384615 0.7944711538461539 0.057692307692307696 0.11778846153846154