10 0.29447115384615385 0.15745192307692307 0.04567307692307692 0.0985576923076923
4 0.7379807692307693 0.34615384615384615 0.04807692307692308 0.10576923076923077
2 0.8317307692307693 0.2956730769230769 0.08173076923076923 0.22115384615384615
4 0.5516826923076923 0.2548076923076923 0.04567307692307692 0.09615384615384616
10 0.28725961538461536 0.08413461538461539 0.06009615384615385 0.11057692307692307
4 0.6177884615384616 0.16466346153846154 0.052884615384615384 0.10336538461538461
1 0.7884615384615384 0.1502403846153846 0.0625 0.13701923076923078
11 0.2980769230769231 0.203125 0.07692307692307693 0.13701923076923078
10 0.296875 0.3329326923076923 0.06490384615384616 0.13221153846153846
4 0.7019230769230769 0.08173076923076923 0.04807692307692308 0.09615384615384616
10 0.4483173076923077 0.24278846153846154 0.05048076923076923 0.11538461538461539
8 0.18028846153846154 0.41586538461538464 0.08173076923076923 0.19230769230769232
7 0.20072115384615385 0.15504807692307693 0.07451923076923077 0.16105769230769232
3 0.5588942307692307 0.34375 0.06971153846153846 0.1346153846153846
12 0.20552884615384615 0.08774038461538461 0.07451923076923077 0.15625
10 0.47836538461538464 0.5745192307692307 0.0673076923076923 0.1201923076923077
3 0.6502403846153846 0.3317307692307692 0.06490384615384616 0.14903846153846154
5 0.7692307692307693 0.4338942307692308 0.08173076923076923 0.1658653846153846
4 0.6045673076923077 0.6814903846153846 0.06490384615384616 0.11298076923076923
10 0.28365384615384615 0.6899038461538461 0.057692307692307696 0.11057692307692307
6 0.7704326923076923 0.06971153846153846 0.06009615384615385 0.10576923076923077
4 0.65625 0.5600961538461539 0.0625 0.125
6 0.9302884615384616 0.8125 0.08173076923076923 0.15384615384615385
7 0.1622596153846154 0.6838942307692307 0.07932692307692307 0.15144230769230768
3 0.8846153846153846 0.5564903846153846 0.09134615384615384 0.13221153846153846
9 0.1814903846153846 0.5600961538461539 0.07932692307692307 0.15865384615384615
9 0.3798076923076923 0.328125 0.0673076923076923 0.15144230769230768
10 0.28966346153846156 0.43509615384615385 0.06971153846153846 0.1346153846153846
4 0.5757211538461539 0.46274038461538464 0.06009615384615385 0.11778846153846154
10 0.49158653846153844 0.8137019230769231 0.06971153846153846 0.12740384615384615
12 0.39302884615384615 0.8125 0.07932692307692307 0.15384615384615385
4 0.8197115384615384 0.8100961538461539 0.0625 0.1201923076923077