10 0.7367788461538461 0.14423076923076922 0.04567307692307692 0.10096153846153846
4 0.2956730769230769 0.3173076923076923 0.04807692307692308 0.10576923076923077
2 0.20192307692307693 0.2644230769230769 0.08173076923076923 0.22115384615384615
4 0.4807692307692308 0.23317307692307693 0.04807692307692308 0.10096153846153846
10 0.7427884615384616 0.07692307692307693 0.0625 0.10576923076923077
4 0.41586538461538464 0.140625 0.052884615384615384 0.10817307692307693
1 0.24278846153846154 0.11899038461538461 0.0625 0.13701923076923078
11 0.734375 0.18990384615384615 0.07932692307692307 0.13942307692307693
10 0.7367788461538461 0.31971153846153844 0.06490384615384616 0.1346153846153846
4 0.3293269230769231 0.057692307692307696 0.04807692307692308 0.09134615384615384
10 0.5853365384615384 0.2247596153846154 0.05048076923076923 0.11778846153846154
8 0.8545673076923077 0.4074519230769231 0.07932692307692307 0.19471153846153846
7 0.8305288461538461 0.14543269230769232 0.07451923076923077 0.16105769230769232
3 0.47596153846153844 0.32211538461538464 0.0673076923076923 0.13942307692307693
12 0.8257211538461539 0.09375 0.07451923076923077 0.1346153846153846
10 0.5552884615384616 0.5552884615384616 0.0673076923076923 0.1201923076923077
3 0.38341346153846156 0.30649038461538464 0.06490384615384616 0.15144230769230768
5 0.2644230769230769 0.4050480769230769 0.08173076923076923 0.17067307692307693
4 0.42908653846153844 0.6586538461538461 0.06490384615384616 0.11538461538461539
10 0.7524038461538461 0.6778846153846154 0.057692307692307696 0.11538461538461539
6 0.2608173076923077 0.051682692307692304 0.06009615384615385 0.08413461538461539
4 0.3798076923076923 0.5360576923076923 0.0625 0.125
6 0.10576923076923077 0.7776442307692307 0.08173076923076923 0.15625
7 0.8725961538461539 0.6754807692307693 0.07692307692307693 0.15384615384615385
3 0.1502403846153846 0.5216346153846154 0.0889423076923077 0.1346153846153846
9 0.8521634615384616 0.5516826923076923 0.07932692307692307 0.16105769230769232
9 0.6526442307692307 0.3125 0.06971153846153846 0.15384615384615385
10 0.7439903846153846 0.4230769230769231 0.06971153846153846 0.13942307692307693
4 0.4579326923076923 0.43990384615384615 0.06009615384615385 0.1201923076923077
10 0.5444711538461539 0.7956730769230769 0.06971153846153846 0.12980769230769232
12 0.6418269230769231 0.796875 0.07692307692307693 0.15625
4 0.21634615384615385 0.7800480769230769 0.0625 0.12259615384615384