10 0.26322115384615385 0.14423076923076922 0.04567307692307692 0.10096153846153846
4 0.7043269230769231 0.3173076923076923 0.04807692307692308 0.10576923076923077
2 0.7980769230769231 0.2644230769230769 0.08173076923076923 0.22115384615384615
4 0.5192307692307693 0.23317307692307693 0.04807692307692308 0.10096153846153846
10 0.25721153846153844 0.07692307692307693 0.0625 0.10576923076923077
4 0.5841346153846154 0.140625 0.052884615384615384 0.10817307692307693
1 0.7572115384615384 0.11899038461538461 0.0625 0.13701923076923078
11 0.265625 0.18990384615384615 0.07932692307692307 0.13942307692307693
10 0.26322115384615385 0.31971153846153844 0.06490384615384616 0.1346153846153846
4 0.6706730769230769 0.057692307692307696 0.04807692307692308 0.09134615384615384
10 0.41466346153846156 0.2247596153846154 0.05048076923076923 0.11778846153846154
8 0.14543269230769232 0.4074519230769231 0.07932692307692307 0.19471153846153846
7 0.16947115384615385 0.14543269230769232 0.07451923076923077 0.16105769230769232
3 0.5240384615384616 0.32211538461538464 0.0673076923076923 0.13942307692307693
12 0.17427884615384615 0.09375 0.07451923076923077 0.1346153846153846
10 0.44471153846153844 0.5552884615384616 0.0673076923076923 0.1201923076923077
3 0.6165865384615384 0.30649038461538464 0.06490384615384616 0.15144230769230768
5 0.7355769230769231 0.4050480769230769 0.08173076923076923 0.17067307692307693
4 0.5709134615384616 0.6586538461538461 0.06490384615384616 0.11538461538461539
10 0.24759615384615385 0.6778846153846154 0.057692307692307696 0.11538461538461539
6 0.7391826923076923 0.051682692307692304 0.06009615384615385 0.08413461538461539
4 0.6201923076923077 0.5360576923076923 0.0625 0.125
6 0.8942307692307693 0.7776442307692307 0.08173076923076923 0.15625
7 0.12740384615384615 0.6754807692307693 0.07692307692307693 0.15384615384615385
3 0.8497596153846154 0.5216346153846154 0.0889423076923077 0.1346153846153846
9 0.14783653846153846 0.5516826923076923 0.07932692307692307 0.16105769230769232
9 0.3473557692307692 0.3125 0.06971153846153846 0.15384615384615385
10 0.25600961538461536 0.4230769230769231 0.06971153846153846 0.13942307692307693
4 0.5420673076923077 0.43990384615384615 0.06009615384615385 0.1201923076923077
10 0.45552884615384615 0.7956730769230769 0.06971153846153846 0.12980769230769232
12 0.3581730769230769 0.796875 0.07692307692307693 0.15625
4 0.7836538461538461 0.7800480769230769 0.0625 0.12259615384615384