2 0.7788461538461539 0.25600961538461536 0.08173076923076923 0.20432692307692307
5 0.7043269230769231 0.38341346153846156 0.07692307692307693 0.18990384615384615
6 0.8413461538461539 0.7692307692307693 0.08653846153846154 0.14423076923076922
6 0.7451923076923077 0.046875 0.0625 0.09375
1 0.33653846153846156 0.5048076923076923 0.07211538461538461 0.15384615384615385
1 0.65625 0.04927884615384615 0.057692307692307696 0.0985576923076923
3 0.6021634615384616 0.3016826923076923 0.06490384615384616 0.15144230769230768
3 0.6358173076923077 0.6370192307692307 0.07451923076923077 0.14423076923076922
4 0.5877403846153846 0.515625 0.06490384615384616 0.12259615384615384
4 0.7295673076923077 0.7692307692307693 0.06971153846153846 0.1201923076923077
4 0.6826923076923077 0.30649038461538464 0.04807692307692308 0.11298076923076923
4 0.5769230769230769 0.12740384615384615 0.04807692307692308 0.11538461538461539
4 0.5072115384615384 0.04447115384615385 0.052884615384615384 0.0889423076923077
4 0.5096153846153846 0.21634615384615385 0.052884615384615384 0.11538461538461539
4 0.33533653846153844 0.4110576923076923 0.05048076923076923 0.11057692307692307
4 0.5264423076923077 0.6394230769230769 0.057692307692307696 0.1201923076923077
12 0.1778846153846154 0.04447115384615385 0.057692307692307696 0.0889423076923077
12 0.31490384615384615 0.7548076923076923 0.07211538461538461 0.15384615384615385
11 0.25721153846153844 0.16826923076923078 0.07692307692307693 0.1778846153846154
8 0.13221153846153846 0.359375 0.08173076923076923 0.20432692307692307
7 0.1658653846153846 0.09254807692307693 0.0625 0.1466346153846154
7 0.10576923076923077 0.6310096153846154 0.07692307692307693 0.1466346153846154
9 0.12980769230769232 0.5084134615384616 0.08173076923076923 0.14182692307692307
9 0.33533653846153844 0.2824519230769231 0.06490384615384616 0.13701923076923078
10 0.4074519230769231 0.19471153846153846 0.055288461538461536 0.11538461538461539
10 0.4050480769230769 0.042067307692307696 0.055288461538461536 0.08413461538461539
10 0.25721153846153844 0.10817307692307693 0.052884615384615384 0.10576923076923077
10 0.2403846153846154 0.2920673076923077 0.052884615384615384 0.11298076923076923
10 0.21394230769230768 0.6382211538461539 0.0625 0.12259615384615384
10 0.234375 0.39302884615384615 0.06009615384615385 0.11778846153846154
10 0.41225961538461536 0.5264423076923077 0.055288461538461536 0.1201923076923077
10 0.41947115384615385 0.7716346153846154 0.06490384615384616 0.125