2 0.203125 0.30408653846153844 0.07932692307692307 0.20432692307692307
5 0.27283653846153844 0.43149038461538464 0.07451923076923077 0.18990384615384615
6 0.11899038461538461 0.8161057692307693 0.08413461538461539 0.14182692307692307
6 0.24639423076923078 0.078125 0.06009615384615385 0.12740384615384615
1 0.6358173076923077 0.5516826923076923 0.06971153846153846 0.15144230769230768
1 0.3329326923076923 0.07932692307692307 0.055288461538461536 0.1346153846153846
3 0.3786057692307692 0.3473557692307692 0.06009615384615385 0.15144230769230768
3 0.3317307692307692 0.6838942307692307 0.07211538461538461 0.14182692307692307
4 0.38461538461538464 0.5612980769230769 0.0625 0.12259615384615384
4 0.23197115384615385 0.8161057692307693 0.06490384615384616 0.11778846153846154
4 0.296875 0.35216346153846156 0.04567307692307692 0.11298076923076923
4 0.4098557692307692 0.17427884615384615 0.04567307692307692 0.11298076923076923
4 0.484375 0.07932692307692307 0.05048076923076923 0.11057692307692307
4 0.47475961538461536 0.26322115384615385 0.05048076923076923 0.11778846153846154
4 0.6418269230769231 0.4579326923076923 0.04807692307692308 0.11298076923076923
4 0.4411057692307692 0.6862980769230769 0.055288461538461536 0.12259615384615384
12 0.8137019230769231 0.07211538461538461 0.055288461538461536 0.125
12 0.6478365384615384 0.8016826923076923 0.06971153846153846 0.15144230769230768
11 0.7283653846153846 0.21394230769230768 0.07211538461538461 0.1778846153846154
8 0.8473557692307693 0.40625 0.07932692307692307 0.20192307692307693
7 0.8233173076923077 0.13822115384615385 0.06009615384615385 0.1466346153846154
7 0.8617788461538461 0.6778846153846154 0.07451923076923077 0.14903846153846154
9 0.8425480769230769 0.5540865384615384 0.07932692307692307 0.14182692307692307
9 0.6466346153846154 0.328125 0.0625 0.13701923076923078
10 0.578125 0.24158653846153846 0.05048076923076923 0.11298076923076923
10 0.5853365384615384 0.0733173076923077 0.05048076923076923 0.11298076923076923
10 0.7319711538461539 0.15504807692307693 0.05048076923076923 0.10336538461538461
10 0.7415865384615384 0.3389423076923077 0.05048076923076923 0.11538461538461539
10 0.7524038461538461 0.6850961538461539 0.0625 0.1201923076923077
10 0.7427884615384616 0.43990384615384615 0.057692307692307696 0.1201923076923077
10 0.5600961538461539 0.5721153846153846 0.052884615384615384 0.1201923076923077
10 0.5408653846153846 0.8173076923076923 0.0625 0.125