6 0.7403846153846154 0.039663461538461536 0.0625 0.07932692307692307
6 0.84375 0.765625 0.08653846153846154 0.1466346153846154
2 0.7776442307692307 0.24519230769230768 0.08413461538461539 0.21153846153846154
5 0.7055288461538461 0.3641826923076923 0.07451923076923077 0.18028846153846154
4 0.6802884615384616 0.2920673076923077 0.04807692307692308 0.11298076923076923
4 0.7307692307692307 0.7644230769230769 0.0625 0.1201923076923077
3 0.8173076923076923 0.5108173076923077 0.08173076923076923 0.13701923076923078
3 0.5985576923076923 0.28966346153846156 0.0625 0.15144230769230768
1 0.6550480769230769 0.040865384615384616 0.055288461538461536 0.08173076923076923
1 0.5 0.2824519230769231 0.07211538461538461 0.15144230769230768
4 0.5 0.037259615384615384 0.04807692307692308 0.07451923076923077
4 0.5709134615384616 0.11298076923076923 0.05048076923076923 0.11057692307692307
4 0.5012019230769231 0.2091346153846154 0.055288461538461536 0.11538461538461539
4 0.5144230769230769 0.4026442307692308 0.052884615384615384 0.11298076923076923
4 0.5829326923076923 0.5108173076923077 0.055288461538461536 0.12259615384615384
4 0.5192307692307693 0.6418269230769231 0.0625 0.125
9 0.32211538461538464 0.2776442307692308 0.0673076923076923 0.1466346153846154
9 0.11057692307692307 0.5132211538461539 0.08653846153846154 0.14182692307692307
8 0.11899038461538461 0.3641826923076923 0.08413461538461539 0.2091346153846154
7 0.08653846153846154 0.6430288461538461 0.07692307692307693 0.15144230769230768
7 0.15144230769230768 0.08774038461538461 0.0673076923076923 0.1466346153846154
12 0.16466346153846154 0.04567307692307692 0.055288461538461536 0.09134615384615384
12 0.30288461538461536 0.7632211538461539 0.07692307692307693 0.15144230769230768
10 0.19831730769230768 0.6454326923076923 0.06009615384615385 0.11778846153846154
10 0.22115384615384615 0.39663461538461536 0.0625 0.11057692307692307
10 0.22596153846153846 0.2920673076923077 0.057692307692307696 0.10817307692307693
11 0.24278846153846154 0.16346153846153846 0.08173076923076923 0.1778846153846154
10 0.24519230769230768 0.10096153846153846 0.04807692307692308 0.10096153846153846
10 0.39663461538461536 0.037259615384615384 0.052884615384615384 0.07451923076923077
10 0.39663461538461536 0.18629807692307693 0.052884615384615384 0.11298076923076923
10 0.40024038461538464 0.5264423076923077 0.06009615384615385 0.1201923076923077
10 0.41225961538461536 0.7740384615384616 0.06490384615384616 0.125