6 0.7524038461538461 0.08173076923076923 0.0625 0.12980769230769232
6 0.8978365384615384 0.8245192307692307 0.08413461538461539 0.14423076923076922
2 0.8028846153846154 0.3088942307692308 0.08173076923076923 0.2091346153846154
5 0.7391826923076923 0.42788461538461536 0.07451923076923077 0.1778846153846154
4 0.7067307692307693 0.3581730769230769 0.04807692307692308 0.11057692307692307
4 0.7860576923076923 0.8233173076923077 0.0625 0.11778846153846154
3 0.8569711538461539 0.5721153846153846 0.07932692307692307 0.1346153846153846
3 0.6274038461538461 0.3545673076923077 0.0625 0.1466346153846154
1 0.6682692307692307 0.07692307692307693 0.057692307692307696 0.14423076923076922
1 0.5300480769230769 0.3485576923076923 0.06971153846153846 0.14903846153846154
4 0.5132211538461539 0.08774038461538461 0.05048076923076923 0.10817307692307693
4 0.5913461538461539 0.1778846153846154 0.04807692307692308 0.11057692307692307
4 0.5264423076923077 0.27524038461538464 0.052884615384615384 0.11298076923076923
4 0.5504807692307693 0.4651442307692308 0.052884615384615384 0.11298076923076923
4 0.625 0.5733173076923077 0.052884615384615384 0.11778846153846154
4 0.5685096153846154 0.703125 0.06009615384615385 0.12259615384615384
9 0.35336538461538464 0.3425480769230769 0.0673076923076923 0.1466346153846154
9 0.15745192307692307 0.5757211538461539 0.08413461538461539 0.14182692307692307
8 0.15625 0.42788461538461536 0.08173076923076923 0.20673076923076922
7 0.14182692307692307 0.7019230769230769 0.07692307692307693 0.14903846153846154
7 0.17427884615384615 0.15625 0.06490384615384616 0.14423076923076922
12 0.18389423076923078 0.09134615384615384 0.055288461538461536 0.12980769230769232
12 0.3629807692307692 0.8221153846153846 0.07692307692307693 0.14903846153846154
10 0.2536057692307692 0.7055288461538461 0.06009615384615385 0.11778846153846154
10 0.25961538461538464 0.46033653846153844 0.0625 0.10817307692307693
10 0.25961538461538464 0.35697115384615385 0.057692307692307696 0.10817307692307693
11 0.26802884615384615 0.22956730769230768 0.07932692307692307 0.17548076923076922
10 0.2668269230769231 0.16826923076923078 0.04807692307692308 0.10096153846153846
10 0.41225961538461536 0.08653846153846154 0.05048076923076923 0.10576923076923077
10 0.4206730769230769 0.25240384615384615 0.052884615384615384 0.11057692307692307
10 0.44471153846153844 0.5877403846153846 0.057692307692307696 0.11778846153846154
10 0.4699519230769231 0.8317307692307693 0.06490384615384616 0.1201923076923077