6 0.24759615384615385 0.08173076923076923 0.0625 0.12980769230769232
6 0.10216346153846154 0.8245192307692307 0.08413461538461539 0.14423076923076922
2 0.1971153846153846 0.3088942307692308 0.08173076923076923 0.2091346153846154
5 0.2608173076923077 0.42788461538461536 0.07451923076923077 0.1778846153846154
4 0.2932692307692308 0.3581730769230769 0.04807692307692308 0.11057692307692307
4 0.21394230769230768 0.8233173076923077 0.0625 0.11778846153846154
3 0.14302884615384615 0.5721153846153846 0.07932692307692307 0.1346153846153846
3 0.37259615384615385 0.3545673076923077 0.0625 0.1466346153846154
1 0.3317307692307692 0.07692307692307693 0.057692307692307696 0.14423076923076922
1 0.4699519230769231 0.3485576923076923 0.06971153846153846 0.14903846153846154
4 0.48677884615384615 0.08774038461538461 0.05048076923076923 0.10817307692307693
4 0.40865384615384615 0.1778846153846154 0.04807692307692308 0.11057692307692307
4 0.4735576923076923 0.27524038461538464 0.052884615384615384 0.11298076923076923
4 0.4495192307692308 0.4651442307692308 0.052884615384615384 0.11298076923076923
4 0.375 0.5733173076923077 0.052884615384615384 0.11778846153846154
4 0.43149038461538464 0.703125 0.06009615384615385 0.12259615384615384
9 0.6466346153846154 0.3425480769230769 0.0673076923076923 0.1466346153846154
9 0.8425480769230769 0.5757211538461539 0.08413461538461539 0.14182692307692307
8 0.84375 0.42788461538461536 0.08173076923076923 0.20673076923076922
7 0.8581730769230769 0.7019230769230769 0.07692307692307693 0.14903846153846154
7 0.8257211538461539 0.15625 0.06490384615384616 0.14423076923076922
12 0.8161057692307693 0.09134615384615384 0.055288461538461536 0.12980769230769232
12 0.6370192307692307 0.8221153846153846 0.07692307692307693 0.14903846153846154
10 0.7463942307692307 0.7055288461538461 0.06009615384615385 0.11778846153846154
10 0.7403846153846154 0.46033653846153844 0.0625 0.10817307692307693
10 0.7403846153846154 0.35697115384615385 0.057692307692307696 0.10817307692307693
11 0.7319711538461539 0.22956730769230768 0.07932692307692307 0.17548076923076922
10 0.7331730769230769 0.16826923076923078 0.04807692307692308 0.10096153846153846
10 0.5877403846153846 0.08653846153846154 0.05048076923076923 0.10576923076923077
10 0.5793269230769231 0.25240384615384615 0.052884615384615384 0.11057692307692307
10 0.5552884615384616 0.5877403846153846 0.057692307692307696 0.11778846153846154
10 0.5300480769230769 0.8317307692307693 0.06490384615384616 0.1201923076923077