6 0.7439903846153846 0.07692307692307693 0.06009615384615385 0.125
6 0.8737980769230769 0.7836538461538461 0.07932692307692307 0.13942307692307693
2 0.7884615384615384 0.2932692307692308 0.07692307692307693 0.20192307692307693
5 0.7259615384615384 0.4074519230769231 0.07211538461538461 0.17067307692307693
4 0.6983173076923077 0.3401442307692308 0.04567307692307692 0.10817307692307693
4 0.7668269230769231 0.7848557692307693 0.057692307692307696 0.11298076923076923
3 0.8377403846153846 0.5432692307692307 0.07451923076923077 0.12980769230769232
3 0.6213942307692307 0.33774038461538464 0.06009615384615385 0.14182692307692307
1 0.6634615384615384 0.07572115384615384 0.057692307692307696 0.14182692307692307
1 0.5288461538461539 0.3329326923076923 0.0625 0.14182692307692307
4 0.515625 0.08533653846153846 0.04567307692307692 0.10336538461538461
4 0.5877403846153846 0.171875 0.04567307692307692 0.10336538461538461
4 0.5252403846153846 0.2644230769230769 0.05048076923076923 0.10576923076923077
4 0.5480769230769231 0.44591346153846156 0.04807692307692308 0.10817307692307693
4 0.6165865384615384 0.5480769230769231 0.05048076923076923 0.11538461538461539
4 0.5625 0.671875 0.057692307692307696 0.11778846153846154
9 0.3605769230769231 0.3317307692307692 0.0625 0.13942307692307693
9 0.16947115384615385 0.5552884615384616 0.07932692307692307 0.1346153846153846
8 0.17307692307692307 0.41586538461538464 0.07692307692307693 0.1971153846153846
7 0.15504807692307693 0.6766826923076923 0.06971153846153846 0.14182692307692307
7 0.19110576923076922 0.15384615384615385 0.06009615384615385 0.13942307692307693
12 0.20072115384615385 0.09375 0.05048076923076923 0.125
12 0.3641826923076923 0.7872596153846154 0.06971153846153846 0.14182692307692307
10 0.2608173076923077 0.6778846153846154 0.055288461538461536 0.11057692307692307
10 0.2692307692307692 0.44350961538461536 0.057692307692307696 0.10336538461538461
10 0.2704326923076923 0.3449519230769231 0.055288461538461536 0.10336538461538461
11 0.2800480769230769 0.22355769230769232 0.07451923076923077 0.16826923076923078
10 0.28125 0.16346153846153846 0.04326923076923077 0.09615384615384616
10 0.41947115384615385 0.08533653846153846 0.04567307692307692 0.10336538461538461
10 0.4254807692307692 0.2439903846153846 0.04807692307692308 0.10336538461538461
10 0.44471153846153844 0.5637019230769231 0.052884615384615384 0.11298076923076923
10 0.4675480769230769 0.7956730769230769 0.06009615384615385 0.11538461538461539