2 0.21995192307692307 0.2932692307692308 0.07932692307692307 0.20673076923076922
3 0.39663461538461536 0.3269230769230769 0.057692307692307696 0.14903846153846154
3 0.5564903846153846 0.7728365384615384 0.06971153846153846 0.1658653846153846
6 0.4206730769230769 0.06370192307692307 0.057692307692307696 0.12740384615384615
6 0.47115384615384615 0.421875 0.0625 0.14182692307692307
4 0.25 0.7824519230769231 0.0625 0.12740384615384615
4 0.30649038461538464 0.3329326923076923 0.055288461538461536 0.11298076923076923
4 0.38461538461538464 0.53125 0.052884615384615384 0.1201923076923077
4 0.453125 0.65625 0.06009615384615385 0.1201923076923077
4 0.47716346153846156 0.24879807692307693 0.055288461538461536 0.10817307692307693
4 0.5012019230769231 0.15384615384615385 0.05048076923076923 0.11538461538461539
1 0.3942307692307692 0.14423076923076922 0.052884615384615384 0.15384615384615385
1 0.6430288461538461 0.5240384615384616 0.06971153846153846 0.15384615384615385
11 0.6478365384615384 0.125 0.06009615384615385 0.18269230769230768
9 0.7644230769230769 0.7764423076923077 0.07692307692307693 0.16826923076923078
9 0.6466346153846154 0.30528846153846156 0.0625 0.13942307692307693
7 0.640625 0.41346153846153844 0.06009615384615385 0.14423076923076922
7 0.8149038461538461 0.12259615384615384 0.07211538461538461 0.14903846153846154
12 0.8004807692307693 0.0625 0.057692307692307696 0.125
8 0.8377403846153846 0.38100961538461536 0.07932692307692307 0.2091346153846154
10 0.5841346153846154 0.06370192307692307 0.052884615384615384 0.11298076923076923
10 0.7235576923076923 0.14302884615384615 0.052884615384615384 0.10817307692307693
10 0.7391826923076923 0.3161057692307692 0.05048076923076923 0.10336538461538461
10 0.7403846153846154 0.41466346153846156 0.052884615384615384 0.11298076923076923
10 0.7512019230769231 0.6514423076923077 0.06009615384615385 0.1201923076923077