2 0.7536057692307693 0.33774038461538464 0.0889423076923077 0.21875
3 0.5673076923076923 0.3737980769230769 0.0625 0.15625
3 0.3918269230769231 0.8425480769230769 0.07692307692307693 0.17548076923076922
6 0.5480769230769231 0.09615384615384616 0.0625 0.13942307692307693
6 0.4879807692307692 0.4735576923076923 0.0673076923076923 0.14903846153846154
4 0.7151442307692307 0.8521634615384616 0.06971153846153846 0.13221153846153846
4 0.6622596153846154 0.3798076923076923 0.06009615384615385 0.1201923076923077
4 0.5769230769230769 0.5889423076923077 0.057692307692307696 0.125
4 0.5036057692307693 0.7211538461538461 0.06490384615384616 0.125
4 0.484375 0.2920673076923077 0.06009615384615385 0.11298076923076923
4 0.46153846153846156 0.1935096153846154 0.057692307692307696 0.11778846153846154
1 0.5757211538461539 0.1814903846153846 0.06009615384615385 0.16105769230769232
1 0.30528846153846156 0.5817307692307693 0.07692307692307693 0.16346153846153846
11 0.3076923076923077 0.1622596153846154 0.0673076923076923 0.18990384615384615
9 0.17307692307692307 0.8473557692307693 0.08173076923076923 0.17548076923076922
9 0.30528846153846156 0.35216346153846156 0.0673076923076923 0.1466346153846154
7 0.3112980769230769 0.4651442307692308 0.06490384615384616 0.15144230769230768
7 0.13221153846153846 0.16105769230769232 0.07692307692307693 0.15384615384615385
12 0.14783653846153846 0.09975961538461539 0.06490384615384616 0.13221153846153846
8 0.1045673076923077 0.4338942307692308 0.0889423076923077 0.21875
10 0.3762019230769231 0.09735576923076923 0.055288461538461536 0.11778846153846154
10 0.2283653846153846 0.1814903846153846 0.057692307692307696 0.11298076923076923
10 0.2091346153846154 0.3641826923076923 0.057692307692307696 0.10817307692307693
10 0.20552884615384615 0.46875 0.06009615384615385 0.1201923076923077
10 0.18870192307692307 0.7163461538461539 0.06490384615384616 0.125