2 0.24639423076923078 0.33774038461538464 0.0889423076923077 0.21875
3 0.4326923076923077 0.3737980769230769 0.0625 0.15625
3 0.6081730769230769 0.8425480769230769 0.07692307692307693 0.17548076923076922
6 0.4519230769230769 0.09615384615384616 0.0625 0.13942307692307693
6 0.5120192307692307 0.4735576923076923 0.0673076923076923 0.14903846153846154
4 0.2848557692307692 0.8521634615384616 0.06971153846153846 0.13221153846153846
4 0.33774038461538464 0.3798076923076923 0.06009615384615385 0.1201923076923077
4 0.4230769230769231 0.5889423076923077 0.057692307692307696 0.125
4 0.4963942307692308 0.7211538461538461 0.06490384615384616 0.125
4 0.515625 0.2920673076923077 0.06009615384615385 0.11298076923076923
4 0.5384615384615384 0.1935096153846154 0.057692307692307696 0.11778846153846154
1 0.42427884615384615 0.1814903846153846 0.06009615384615385 0.16105769230769232
1 0.6947115384615384 0.5817307692307693 0.07692307692307693 0.16346153846153846
11 0.6923076923076923 0.1622596153846154 0.0673076923076923 0.18990384615384615
9 0.8269230769230769 0.8473557692307693 0.08173076923076923 0.17548076923076922
9 0.6947115384615384 0.35216346153846156 0.0673076923076923 0.1466346153846154
7 0.6887019230769231 0.4651442307692308 0.06490384615384616 0.15144230769230768
7 0.8677884615384616 0.16105769230769232 0.07692307692307693 0.15384615384615385
12 0.8521634615384616 0.09975961538461539 0.06490384615384616 0.13221153846153846
8 0.8954326923076923 0.4338942307692308 0.0889423076923077 0.21875
10 0.6237980769230769 0.09735576923076923 0.055288461538461536 0.11778846153846154
10 0.7716346153846154 0.1814903846153846 0.057692307692307696 0.11298076923076923
10 0.7908653846153846 0.3641826923076923 0.057692307692307696 0.10817307692307693
10 0.7944711538461539 0.46875 0.06009615384615385 0.1201923076923077
10 0.8112980769230769 0.7163461538461539 0.06490384615384616 0.125