2 0.1971153846153846 0.2848557692307692 0.09134615384615384 0.21875
3 0.38461538461538464 0.3293269230769231 0.0673076923076923 0.15865384615384615
3 0.5685096153846154 0.8088942307692307 0.07932692307692307 0.17548076923076922
6 0.4014423076923077 0.06129807692307692 0.0673076923076923 0.12259615384615384
6 0.46634615384615385 0.4338942307692308 0.07211538461538461 0.15144230769230768
4 0.24278846153846154 0.8052884615384616 0.07211538461538461 0.1346153846153846
4 0.28966346153846156 0.3317307692307692 0.06009615384615385 0.1201923076923077
4 0.37740384615384615 0.546875 0.057692307692307696 0.12740384615384615
4 0.4543269230769231 0.6802884615384616 0.0673076923076923 0.125
4 0.46634615384615385 0.2512019230769231 0.0625 0.11298076923076923
4 0.4879807692307692 0.1502403846153846 0.057692307692307696 0.11778846153846154
1 0.375 0.1346153846153846 0.0625 0.16346153846153846
1 0.6514423076923077 0.5492788461538461 0.07692307692307693 0.16105769230769232
11 0.6442307692307693 0.12740384615384615 0.0673076923076923 0.19230769230769232
9 0.7860576923076923 0.8221153846153846 0.08653846153846154 0.1778846153846154
9 0.6478365384615384 0.31850961538461536 0.06971153846153846 0.1466346153846154
7 0.6430288461538461 0.43149038461538464 0.06490384615384616 0.15144230769230768
7 0.8197115384615384 0.13341346153846154 0.08173076923076923 0.15625
12 0.8028846153846154 0.07091346153846154 0.0673076923076923 0.13221153846153846
8 0.8509615384615384 0.4098557692307692 0.09134615384615384 0.21875
10 0.5733173076923077 0.06009615384615385 0.06009615384615385 0.1201923076923077
10 0.7223557692307693 0.1502403846153846 0.06009615384615385 0.11298076923076923
10 0.7451923076923077 0.33413461538461536 0.057692307692307696 0.11057692307692307
10 0.75 0.43990384615384615 0.0625 0.1201923076923077
10 0.7692307692307693 0.6899038461538461 0.0673076923076923 0.125