2 0.7800480769230769 0.2932692307692308 0.07932692307692307 0.20673076923076922
3 0.6033653846153846 0.3269230769230769 0.057692307692307696 0.14903846153846154
3 0.44350961538461536 0.7728365384615384 0.06971153846153846 0.1658653846153846
6 0.5793269230769231 0.06370192307692307 0.057692307692307696 0.12740384615384615
6 0.5288461538461539 0.421875 0.0625 0.14182692307692307
4 0.75 0.7824519230769231 0.0625 0.12740384615384615
4 0.6935096153846154 0.3329326923076923 0.055288461538461536 0.11298076923076923
4 0.6153846153846154 0.53125 0.052884615384615384 0.1201923076923077
4 0.546875 0.65625 0.06009615384615385 0.1201923076923077
4 0.5228365384615384 0.24879807692307693 0.055288461538461536 0.10817307692307693
4 0.4987980769230769 0.15384615384615385 0.05048076923076923 0.11538461538461539
1 0.6057692307692307 0.14423076923076922 0.052884615384615384 0.15384615384615385
1 0.35697115384615385 0.5240384615384616 0.06971153846153846 0.15384615384615385
11 0.35216346153846156 0.125 0.06009615384615385 0.18269230769230768
9 0.23557692307692307 0.7764423076923077 0.07692307692307693 0.16826923076923078
9 0.35336538461538464 0.30528846153846156 0.0625 0.13942307692307693
7 0.359375 0.41346153846153844 0.06009615384615385 0.14423076923076922
7 0.18509615384615385 0.12259615384615384 0.07211538461538461 0.14903846153846154
12 0.19951923076923078 0.0625 0.057692307692307696 0.125
8 0.1622596153846154 0.38100961538461536 0.07932692307692307 0.2091346153846154
10 0.41586538461538464 0.06370192307692307 0.052884615384615384 0.11298076923076923
10 0.2764423076923077 0.14302884615384615 0.052884615384615384 0.10817307692307693
10 0.2608173076923077 0.3161057692307692 0.05048076923076923 0.10336538461538461
10 0.25961538461538464 0.41466346153846156 0.052884615384615384 0.11298076923076923
10 0.24879807692307693 0.6514423076923077 0.06009615384615385 0.1201923076923077