1 0.2668269230769231 0.5949519230769231 0.08173076923076923 0.1466346153846154
2 0.17548076923076922 0.3317307692307692 0.09134615384615384 0.21634615384615385
5 0.3737980769230769 0.2536057692307692 0.06971153846153846 0.18990384615384615
6 0.13221153846153846 0.7235576923076923 0.09134615384615384 0.14423076923076922
6 0.3786057692307692 0.037259615384615384 0.055288461538461536 0.07451923076923077
4 0.29927884615384615 0.09495192307692307 0.05048076923076923 0.11298076923076923
4 0.28966346153846156 0.18269230769230768 0.055288461538461536 0.11057692307692307
4 0.2692307692307692 0.3701923076923077 0.0625 0.11538461538461539
4 0.265625 0.4807692307692308 0.06009615384615385 0.11538461538461539
4 0.3449519230769231 0.7307692307692307 0.06490384615384616 0.125
4 0.4543269230769231 0.036057692307692304 0.052884615384615384 0.07211538461538461
4 0.4579326923076923 0.2620192307692308 0.055288461538461536 0.11057692307692307
3 0.3786057692307692 0.08413461538461539 0.06009615384615385 0.14423076923076922
3 0.5444711538461539 0.3629807692307692 0.06490384615384616 0.15384615384615385
11 0.625 0.2548076923076923 0.07692307692307693 0.18269230769230768
12 0.7572115384615384 0.7295673076923077 0.07692307692307693 0.14182692307692307
12 0.7872596153846154 0.030048076923076924 0.06971153846153846 0.06009615384615385
8 0.8329326923076923 0.3269230769230769 0.08413461538461539 0.20673076923076922
7 0.8509615384615384 0.46033653846153844 0.07211538461538461 0.1466346153846154
9 0.6201923076923077 0.14423076923076922 0.0625 0.13942307692307693
9 0.8497596153846154 0.5841346153846154 0.08413461538461539 0.15384615384615385
10 0.546875 0.26322115384615385 0.055288461538461536 0.11298076923076923
10 0.7019230769230769 0.030048076923076924 0.057692307692307696 0.06009615384615385
10 0.703125 0.17307692307692307 0.055288461538461536 0.11057692307692307
10 0.7247596153846154 0.3762019230769231 0.06490384615384616 0.11298076923076923
10 0.7391826923076923 0.4879807692307692 0.06490384615384616 0.11057692307692307
10 0.7415865384615384 0.5973557692307693 0.06490384615384616 0.11778846153846154
10 0.5456730769230769 0.7271634615384616 0.0625 0.12740384615384615