1 0.26802884615384615 0.6538461538461539 0.07932692307692307 0.14423076923076922
2 0.18990384615384615 0.39302884615384615 0.09134615384615384 0.21394230769230768
5 0.39302884615384615 0.3112980769230769 0.06971153846153846 0.18990384615384615
6 0.12740384615384615 0.78125 0.09134615384615384 0.14423076923076922
6 0.41225961538461536 0.06971153846153846 0.055288461538461536 0.125
4 0.33052884615384615 0.15504807692307693 0.05048076923076923 0.11298076923076923
4 0.3137019230769231 0.24278846153846154 0.055288461538461536 0.11057692307692307
4 0.28365384615384615 0.43028846153846156 0.0625 0.11538461538461539
4 0.27283653846153844 0.5396634615384616 0.06009615384615385 0.11778846153846154
4 0.33774038461538464 0.7872596153846154 0.06490384615384616 0.12740384615384615
4 0.48677884615384615 0.07091346153846154 0.05048076923076923 0.11778846153846154
4 0.47836538461538464 0.31971153846153844 0.052884615384615384 0.11057692307692307
3 0.4074519230769231 0.14182692307692307 0.06009615384615385 0.14423076923076922
3 0.5564903846153846 0.4182692307692308 0.06490384615384616 0.15384615384615385
11 0.6430288461538461 0.3125 0.07451923076923077 0.18269230769230768
12 0.7463942307692307 0.78125 0.07451923076923077 0.13942307692307693
12 0.8185096153846154 0.05889423076923077 0.06971153846153846 0.11298076923076923
8 0.8449519230769231 0.38100961538461536 0.08413461538461539 0.20432692307692307
7 0.8557692307692307 0.5132211538461539 0.07211538461538461 0.1466346153846154
9 0.6454326923076923 0.20072115384615385 0.06009615384615385 0.13701923076923078
9 0.8473557692307693 0.6358173076923077 0.08413461538461539 0.15144230769230768
10 0.5661057692307693 0.31850961538461536 0.055288461538461536 0.11298076923076923
10 0.734375 0.06009615384615385 0.055288461538461536 0.11057692307692307
10 0.7271634615384616 0.2283653846153846 0.055288461538461536 0.11057692307692307
10 0.7355769230769231 0.43028846153846156 0.0673076923076923 0.11057692307692307
10 0.7427884615384616 0.5408653846153846 0.0625 0.11057692307692307
10 0.7415865384615384 0.6502403846153846 0.06490384615384616 0.11778846153846154
10 0.5384615384615384 0.7824519230769231 0.0625 0.12740384615384615