1 0.7331730769230769 0.5949519230769231 0.08173076923076923 0.1466346153846154
2 0.8245192307692307 0.3317307692307692 0.09134615384615384 0.21634615384615385
5 0.6262019230769231 0.2536057692307692 0.06971153846153846 0.18990384615384615
6 0.8677884615384616 0.7235576923076923 0.09134615384615384 0.14423076923076922
6 0.6213942307692307 0.037259615384615384 0.055288461538461536 0.07451923076923077
4 0.7007211538461539 0.09495192307692307 0.05048076923076923 0.11298076923076923
4 0.7103365384615384 0.18269230769230768 0.055288461538461536 0.11057692307692307
4 0.7307692307692307 0.3701923076923077 0.0625 0.11538461538461539
4 0.734375 0.4807692307692308 0.06009615384615385 0.11538461538461539
4 0.6550480769230769 0.7307692307692307 0.06490384615384616 0.125
4 0.5456730769230769 0.036057692307692304 0.052884615384615384 0.07211538461538461
4 0.5420673076923077 0.2620192307692308 0.055288461538461536 0.11057692307692307
3 0.6213942307692307 0.08413461538461539 0.06009615384615385 0.14423076923076922
3 0.45552884615384615 0.3629807692307692 0.06490384615384616 0.15384615384615385
11 0.375 0.2548076923076923 0.07692307692307693 0.18269230769230768
12 0.24278846153846154 0.7295673076923077 0.07692307692307693 0.14182692307692307
12 0.2127403846153846 0.030048076923076924 0.06971153846153846 0.06009615384615385
8 0.16706730769230768 0.3269230769230769 0.08413461538461539 0.20673076923076922
7 0.14903846153846154 0.46033653846153844 0.07211538461538461 0.1466346153846154
9 0.3798076923076923 0.14423076923076922 0.0625 0.13942307692307693
9 0.1502403846153846 0.5841346153846154 0.08413461538461539 0.15384615384615385
10 0.453125 0.26322115384615385 0.055288461538461536 0.11298076923076923
10 0.2980769230769231 0.030048076923076924 0.057692307692307696 0.06009615384615385
10 0.296875 0.17307692307692307 0.055288461538461536 0.11057692307692307
10 0.27524038461538464 0.3762019230769231 0.06490384615384616 0.11298076923076923
10 0.2608173076923077 0.4879807692307692 0.06490384615384616 0.11057692307692307
10 0.25841346153846156 0.5973557692307693 0.06490384615384616 0.11778846153846154
10 0.4543269230769231 0.7271634615384616 0.0625 0.12740384615384615