1 0.7175480769230769 0.6334134615384616 0.07451923076923077 0.14182692307692307
2 0.7956730769230769 0.38100961538461536 0.08653846153846154 0.2091346153846154
5 0.5997596153846154 0.2980769230769231 0.06490384615384616 0.1875
6 0.8521634615384616 0.7608173076923077 0.0889423076923077 0.14182692307692307
6 0.5877403846153846 0.07211538461538461 0.05048076923076923 0.10576923076923077
4 0.6658653846153846 0.1466346153846154 0.04807692307692308 0.11057692307692307
4 0.6790865384615384 0.23197115384615385 0.05048076923076923 0.10817307692307693
4 0.7067307692307693 0.41466346153846156 0.057692307692307696 0.11298076923076923
4 0.7151442307692307 0.5228365384615384 0.055288461538461536 0.11298076923076923
4 0.6478365384615384 0.7620192307692307 0.06009615384615385 0.125
4 0.5144230769230769 0.06850961538461539 0.04807692307692308 0.10336538461538461
4 0.5180288461538461 0.30288461538461536 0.05048076923076923 0.11057692307692307
3 0.5889423076923077 0.13341346153846154 0.057692307692307696 0.14182692307692307
3 0.4411057692307692 0.39783653846153844 0.06009615384615385 0.15144230769230768
11 0.35697115384615385 0.29086538461538464 0.06971153846153846 0.1778846153846154
12 0.24879807692307693 0.7463942307692307 0.06971153846153846 0.13701923076923078
12 0.19230769230769232 0.05048076923076923 0.0625 0.09134615384615384
8 0.15985576923076922 0.3557692307692308 0.07932692307692307 0.20192307692307693
7 0.1466346153846154 0.4831730769230769 0.0673076923076923 0.14423076923076922
9 0.3581730769230769 0.18509615384615385 0.057692307692307696 0.1346153846153846
9 0.15384615384615385 0.6021634615384616 0.07692307692307693 0.15144230769230768
10 0.4338942307692308 0.3004807692307692 0.05048076923076923 0.11057692307692307
10 0.27403846153846156 0.054086538461538464 0.052884615384615384 0.0889423076923077
10 0.27884615384615385 0.20793269230769232 0.052884615384615384 0.10817307692307693
10 0.2644230769230769 0.40625 0.0625 0.11057692307692307
10 0.25721153846153844 0.5120192307692307 0.057692307692307696 0.11057692307692307
10 0.25841346153846156 0.6201923076923077 0.06009615384615385 0.11538461538461539
10 0.4519230769230769 0.7524038461538461 0.057692307692307696 0.125