9 0.453125 0.15144230769230768 0.06490384615384616 0.14903846153846154
9 0.2608173076923077 0.8173076923076923 0.08413461538461539 0.16826923076923078
8 0.17908653846153846 0.41586538461538464 0.09375 0.22596153846153846
11 0.3629807692307692 0.14543269230769232 0.07211538461538461 0.18509615384615385
12 0.2091346153846154 0.07932692307692307 0.07692307692307693 0.13942307692307693
7 0.19831730769230768 0.14543269230769232 0.06971153846153846 0.15625
7 0.38100961538461536 0.43149038461538464 0.06971153846153846 0.15625
10 0.4326923076923077 0.07211538461538461 0.0625 0.11057692307692307
10 0.28846153846153844 0.15745192307692307 0.057692307692307696 0.10817307692307693
10 0.2764423076923077 0.33774038461538464 0.0625 0.12259615384615384
10 0.27163461538461536 0.6814903846153846 0.0625 0.12259615384615384
10 0.28125 0.44350961538461536 0.0625 0.12740384615384615
2 0.8100961538461539 0.2932692307692308 0.09134615384615384 0.21634615384615385
3 0.6334134615384616 0.33413461538461536 0.06490384615384616 0.15865384615384615
3 0.47596153846153844 0.8028846153846154 0.07692307692307693 0.16346153846153846
6 0.5973557692307693 0.06850961538461539 0.06009615384615385 0.12740384615384615
6 0.5552884615384616 0.4411057692307692 0.0673076923076923 0.1466346153846154
1 0.6274038461538461 0.14903846153846154 0.052884615384615384 0.15865384615384615
1 0.3858173076923077 0.5540865384615384 0.06971153846153846 0.15625
4 0.5432692307692307 0.25961538461538464 0.052884615384615384 0.11538461538461539
4 0.515625 0.1622596153846154 0.055288461538461536 0.10817307692307693
4 0.7259615384615384 0.3449519230769231 0.057692307692307696 0.11778846153846154
4 0.7944711538461539 0.8028846153846154 0.06490384615384616 0.12980769230769232
4 0.6454326923076923 0.5480769230769231 0.055288461538461536 0.1346153846153846
4 0.5817307692307693 0.6778846153846154 0.0625 0.12980769230769232