9 0.59375 0.1502403846153846 0.0625 0.1466346153846154
9 0.7932692307692307 0.8088942307692307 0.08173076923076923 0.1658653846153846
8 0.8689903846153846 0.4098557692307692 0.0889423076923077 0.22355769230769232
11 0.6826923076923077 0.14182692307692307 0.07211538461538461 0.18269230769230768
12 0.8353365384615384 0.07572115384615384 0.07451923076923077 0.13701923076923078
7 0.8473557692307693 0.14182692307692307 0.06971153846153846 0.15384615384615385
7 0.6694711538461539 0.42788461538461536 0.06971153846153846 0.15384615384615385
10 0.6117788461538461 0.07091346153846154 0.06009615384615385 0.10817307692307693
10 0.7572115384615384 0.15504807692307693 0.057692307692307696 0.10817307692307693
10 0.7704326923076923 0.33413461538461536 0.06009615384615385 0.1201923076923077
10 0.7800480769230769 0.6766826923076923 0.06009615384615385 0.12259615384615384
10 0.7692307692307693 0.43990384615384615 0.057692307692307696 0.125
2 0.23918269230769232 0.2956730769230769 0.0889423076923077 0.21634615384615385
3 0.4182692307692308 0.33413461538461536 0.0625 0.15865384615384615
3 0.578125 0.7992788461538461 0.07451923076923077 0.16105769230769232
6 0.4495192307692308 0.06610576923076923 0.057692307692307696 0.13221153846153846
6 0.4963942307692308 0.4387019230769231 0.06490384615384616 0.1466346153846154
1 0.41947115384615385 0.1502403846153846 0.05048076923076923 0.15625
1 0.6646634615384616 0.5516826923076923 0.06490384615384616 0.15625
4 0.5048076923076923 0.2608173076923077 0.052884615384615384 0.11298076923076923
4 0.53125 0.1622596153846154 0.052884615384615384 0.10817307692307693
4 0.32572115384615385 0.34615384615384615 0.055288461538461536 0.11538461538461539
4 0.2608173076923077 0.8028846153846154 0.06490384615384616 0.125
4 0.4074519230769231 0.546875 0.055288461538461536 0.13221153846153846
4 0.4723557692307692 0.6754807692307693 0.06009615384615385 0.12980769230769232