9 0.546875 0.15144230769230768 0.06490384615384616 0.14903846153846154
9 0.7391826923076923 0.8173076923076923 0.08413461538461539 0.16826923076923078
8 0.8209134615384616 0.41586538461538464 0.09375 0.22596153846153846
11 0.6370192307692307 0.14543269230769232 0.07211538461538461 0.18509615384615385
12 0.7908653846153846 0.07932692307692307 0.07692307692307693 0.13942307692307693
7 0.8016826923076923 0.14543269230769232 0.06971153846153846 0.15625
7 0.6189903846153846 0.43149038461538464 0.06971153846153846 0.15625
10 0.5673076923076923 0.07211538461538461 0.0625 0.11057692307692307
10 0.7115384615384616 0.15745192307692307 0.057692307692307696 0.10817307692307693
10 0.7235576923076923 0.33774038461538464 0.0625 0.12259615384615384
10 0.7283653846153846 0.6814903846153846 0.0625 0.12259615384615384
10 0.71875 0.44350961538461536 0.0625 0.12740384615384615
2 0.18990384615384615 0.2932692307692308 0.09134615384615384 0.21634615384615385
3 0.36658653846153844 0.33413461538461536 0.06490384615384616 0.15865384615384615
3 0.5240384615384616 0.8028846153846154 0.07692307692307693 0.16346153846153846
6 0.4026442307692308 0.06850961538461539 0.06009615384615385 0.12740384615384615
6 0.44471153846153844 0.4411057692307692 0.0673076923076923 0.1466346153846154
1 0.37259615384615385 0.14903846153846154 0.052884615384615384 0.15865384615384615
1 0.6141826923076923 0.5540865384615384 0.06971153846153846 0.15625
4 0.4567307692307692 0.25961538461538464 0.052884615384615384 0.11538461538461539
4 0.484375 0.1622596153846154 0.055288461538461536 0.10817307692307693
4 0.27403846153846156 0.3449519230769231 0.057692307692307696 0.11778846153846154
4 0.20552884615384615 0.8028846153846154 0.06490384615384616 0.12980769230769232
4 0.3545673076923077 0.5480769230769231 0.055288461538461536 0.1346153846153846
4 0.4182692307692308 0.6778846153846154 0.0625 0.12980769230769232