9 0.3954326923076923 0.09975961538461539 0.06490384615384616 0.15144230769230768
9 0.18028846153846154 0.7620192307692307 0.08653846153846154 0.17307692307692307
8 0.11177884615384616 0.3557692307692308 0.09375 0.23076923076923078
11 0.30528846153846156 0.09134615384615384 0.07211538461538461 0.18269230769230768
12 0.1502403846153846 0.04326923076923077 0.07451923076923077 0.08653846153846154
7 0.13822115384615385 0.08173076923076923 0.06971153846153846 0.15865384615384615
7 0.3137019230769231 0.3798076923076923 0.06971153846153846 0.15865384615384615
10 0.37740384615384615 0.037259615384615384 0.0625 0.07451923076923077
10 0.2283653846153846 0.0985576923076923 0.057692307692307696 0.11057692307692307
10 0.21153846153846154 0.2800480769230769 0.0625 0.12259615384615384
10 0.1971153846153846 0.6262019230769231 0.0625 0.12740384615384615
10 0.2127403846153846 0.3870192307692308 0.06009615384615385 0.12980769230769232
2 0.7524038461538461 0.25961538461538464 0.09134615384615384 0.22115384615384615
3 0.5721153846153846 0.2932692307692308 0.0625 0.16346153846153846
3 0.39903846153846156 0.7584134615384616 0.07692307692307693 0.1658653846153846
6 0.5432692307692307 0.04447115384615385 0.057692307692307696 0.0889423076923077
6 0.4891826923076923 0.3954326923076923 0.06971153846153846 0.15144230769230768
1 0.5733173076923077 0.1045673076923077 0.055288461538461536 0.16105769230769232
1 0.3161057692307692 0.5036057692307693 0.06971153846153846 0.16105769230769232
4 0.484375 0.21394230769230768 0.05048076923076923 0.11538461538461539
4 0.4579326923076923 0.11538461538461539 0.055288461538461536 0.11057692307692307
4 0.6658653846153846 0.3076923076923077 0.057692307692307696 0.1201923076923077
4 0.7223557692307693 0.7740384615384616 0.06490384615384616 0.12980769230769232
4 0.578125 0.5096153846153846 0.055288461538461536 0.13942307692307693
4 0.5096153846153846 0.6370192307692307 0.0625 0.1346153846153846