1 0.4014423076923077 0.16105769230769232 0.057692307692307696 0.14903846153846154
2 0.23076923076923078 0.30408653846153844 0.08653846153846154 0.19951923076923078
3 0.7704326923076923 0.65625 0.07451923076923077 0.15865384615384615
3 0.65625 0.44591346153846156 0.07211538461538461 0.15144230769230768
4 0.2704326923076923 0.7980769230769231 0.06490384615384616 0.1201923076923077
4 0.3161057692307692 0.35096153846153844 0.055288461538461536 0.11538461538461539
4 0.40024038461538464 0.546875 0.055288461538461536 0.11778846153846154
4 0.4699519230769231 0.6778846153846154 0.06490384615384616 0.125
6 0.4266826923076923 0.08413461538461539 0.055288461538461536 0.12980769230769232
6 0.49399038461538464 0.35216346153846156 0.06009615384615385 0.12740384615384615
12 0.8040865384615384 0.09975961538461539 0.06009615384615385 0.12740384615384615
4 0.5817307692307693 0.19110576923076922 0.052884615384615384 0.11298076923076923
8 0.8377403846153846 0.32091346153846156 0.0889423076923077 0.20432692307692307
9 0.7800480769230769 0.8076923076923077 0.0889423076923077 0.15865384615384615
7 0.8161057692307693 0.15745192307692307 0.06971153846153846 0.16105769230769232
11 0.6526442307692307 0.15625 0.06971153846153846 0.1875
10 0.7283653846153846 0.1778846153846154 0.052884615384615384 0.11057692307692307
10 0.7475961538461539 0.35336538461538464 0.057692307692307696 0.11538461538461539
10 0.7475961538461539 0.4495192307692308 0.0625 0.11538461538461539
10 0.6550480769230769 0.5757211538461539 0.06009615384615385 0.11778846153846154