1 0.6105769230769231 0.13942307692307693 0.057692307692307696 0.15384615384615385
2 0.7860576923076923 0.2860576923076923 0.09134615384615384 0.20192307692307693
3 0.23076923076923078 0.6430288461538461 0.07692307692307693 0.16105769230769232
3 0.3473557692307692 0.4266826923076923 0.07451923076923077 0.15625
4 0.7427884615384616 0.7920673076923077 0.0673076923076923 0.12259615384615384
4 0.6995192307692307 0.3329326923076923 0.057692307692307696 0.11778846153846154
4 0.6117788461538461 0.5348557692307693 0.055288461538461536 0.11778846153846154
4 0.5396634615384616 0.6694711538461539 0.06490384615384616 0.12740384615384615
6 0.5865384615384616 0.06370192307692307 0.057692307692307696 0.12740384615384615
6 0.5168269230769231 0.3329326923076923 0.0625 0.13221153846153846
12 0.19831730769230768 0.06971153846153846 0.06009615384615385 0.12980769230769232
4 0.4266826923076923 0.16706730769230768 0.055288461538461536 0.11778846153846154
8 0.16346153846153846 0.296875 0.09134615384615384 0.2091346153846154
9 0.21875 0.796875 0.09134615384615384 0.16105769230769232
7 0.18509615384615385 0.12860576923076922 0.07211538461538461 0.1658653846153846
11 0.35336538461538464 0.13221153846153846 0.07211538461538461 0.19230769230769232
10 0.27524038461538464 0.1502403846153846 0.055288461538461536 0.11298076923076923
10 0.25600961538461536 0.33052884615384615 0.06009615384615385 0.11778846153846154
10 0.2548076923076923 0.43149038461538464 0.0625 0.11778846153846154
10 0.34975961538461536 0.5600961538461539 0.06490384615384616 0.1201923076923077