1 0.3894230769230769 0.13942307692307693 0.057692307692307696 0.15384615384615385
2 0.21394230769230768 0.2860576923076923 0.09134615384615384 0.20192307692307693
3 0.7692307692307693 0.6430288461538461 0.07692307692307693 0.16105769230769232
3 0.6526442307692307 0.4266826923076923 0.07451923076923077 0.15625
4 0.25721153846153844 0.7920673076923077 0.0673076923076923 0.12259615384615384
4 0.3004807692307692 0.3329326923076923 0.057692307692307696 0.11778846153846154
4 0.38822115384615385 0.5348557692307693 0.055288461538461536 0.11778846153846154
4 0.46033653846153844 0.6694711538461539 0.06490384615384616 0.12740384615384615
6 0.41346153846153844 0.06370192307692307 0.057692307692307696 0.12740384615384615
6 0.4831730769230769 0.3329326923076923 0.0625 0.13221153846153846
12 0.8016826923076923 0.06971153846153846 0.06009615384615385 0.12980769230769232
4 0.5733173076923077 0.16706730769230768 0.055288461538461536 0.11778846153846154
8 0.8365384615384616 0.296875 0.09134615384615384 0.2091346153846154
9 0.78125 0.796875 0.09134615384615384 0.16105769230769232
7 0.8149038461538461 0.12860576923076922 0.07211538461538461 0.1658653846153846
11 0.6466346153846154 0.13221153846153846 0.07211538461538461 0.19230769230769232
10 0.7247596153846154 0.1502403846153846 0.055288461538461536 0.11298076923076923
10 0.7439903846153846 0.33052884615384615 0.06009615384615385 0.11778846153846154
10 0.7451923076923077 0.43149038461538464 0.0625 0.11778846153846154
10 0.6502403846153846 0.5600961538461539 0.06490384615384616 0.1201923076923077