1 0.40384615384615385 0.16947115384615385 0.057692307692307696 0.15625
2 0.21514423076923078 0.3245192307692308 0.0889423076923077 0.21153846153846154
3 0.7764423076923077 0.6790865384615384 0.07692307692307693 0.17067307692307693
3 0.6622596153846154 0.46033653846153844 0.07451923076923077 0.16105769230769232
4 0.23918269230769232 0.8473557692307693 0.06490384615384616 0.12740384615384615
4 0.30408653846153844 0.3713942307692308 0.06009615384615385 0.12259615384615384
4 0.38461538461538464 0.5769230769230769 0.057692307692307696 0.125
4 0.45552884615384615 0.7151442307692307 0.06490384615384616 0.13221153846153846
6 0.43149038461538464 0.08413461538461539 0.055288461538461536 0.13942307692307693
6 0.49278846153846156 0.36658653846153844 0.0625 0.13701923076923078
12 0.8329326923076923 0.08653846153846154 0.06009615384615385 0.1346153846153846
4 0.59375 0.19230769230769232 0.052884615384615384 0.1201923076923077
8 0.8605769230769231 0.32091346153846156 0.09134615384615384 0.21875
9 0.78125 0.8389423076923077 0.09134615384615384 0.16826923076923078
7 0.84375 0.14783653846153846 0.07211538461538461 0.17067307692307693
11 0.6694711538461539 0.15264423076923078 0.06971153846153846 0.19951923076923078
10 0.7487980769230769 0.171875 0.055288461538461536 0.11778846153846154
10 0.7632211538461539 0.35697115384615385 0.06009615384615385 0.12259615384615384
10 0.7608173076923077 0.46153846153846156 0.06490384615384616 0.1201923076923077
10 0.65625 0.5985576923076923 0.0625 0.125