5 0.5048076923076923 0.4170673076923077 0.0673076923076923 0.19471153846153846
3 0.5817307692307693 0.32572115384615385 0.057692307692307696 0.15144230769230768
3 0.6274038461538461 0.6634615384615384 0.07211538461538461 0.16346153846153846
2 0.7632211538461539 0.2920673076923077 0.08413461538461539 0.20432692307692307
6 0.7283653846153846 0.06610576923076923 0.057692307692307696 0.13221153846153846
6 0.8473557692307693 0.7992788461538461 0.08413461538461539 0.1466346153846154
4 0.7391826923076923 0.7980769230769231 0.06490384615384616 0.12980769230769232
4 0.6742788461538461 0.33653846153846156 0.055288461538461536 0.1201923076923077
4 0.5625 0.15865384615384615 0.04807692307692308 0.11057692307692307
4 0.5961538461538461 0.5420673076923077 0.057692307692307696 0.11298076923076923
4 0.5276442307692307 0.6706730769230769 0.06009615384615385 0.1201923076923077
4 0.4963942307692308 0.2536057692307692 0.05048076923076923 0.12259615384615384
1 0.6442307692307693 0.06850961538461539 0.057692307692307696 0.13701923076923078
1 0.3317307692307692 0.5384615384615384 0.0625 0.15384615384615385
12 0.1658653846153846 0.06490384615384616 0.057692307692307696 0.12980769230769232
8 0.12980769230769232 0.3942307692307692 0.07692307692307693 0.20673076923076922
9 0.3245192307692308 0.32091346153846156 0.0625 0.1466346153846154
9 0.12860576923076922 0.5456730769230769 0.07451923076923077 0.14903846153846154
7 0.15504807692307693 0.1310096153846154 0.06009615384615385 0.1466346153846154
7 0.109375 0.6646634615384616 0.06971153846153846 0.1466346153846154
11 0.24519230769230768 0.20552884615384615 0.07692307692307693 0.17067307692307693
10 0.24519230769230768 0.1466346153846154 0.052884615384615384 0.10576923076923077
10 0.3918269230769231 0.06490384615384616 0.052884615384615384 0.10576923076923077
10 0.39663461538461536 0.23557692307692307 0.04807692307692308 0.11057692307692307
10 0.23076923076923078 0.3293269230769231 0.04807692307692308 0.11057692307692307
10 0.22956730769230768 0.43509615384615385 0.055288461538461536 0.11538461538461539
10 0.22235576923076922 0.6742788461538461 0.06009615384615385 0.12259615384615384