5 0.4879807692307692 0.43149038461538464 0.0673076923076923 0.18990384615384615
3 0.41346153846153844 0.34615384615384615 0.057692307692307696 0.14903846153846154
3 0.37259615384615385 0.6730769230769231 0.07211538461538461 0.15865384615384615
2 0.23798076923076922 0.3173076923076923 0.08173076923076923 0.20192307692307693
6 0.2692307692307692 0.0985576923076923 0.057692307692307696 0.12980769230769232
6 0.16346153846153846 0.8076923076923077 0.08173076923076923 0.14423076923076922
4 0.26802884615384615 0.8040865384615384 0.06490384615384616 0.12740384615384615
4 0.32572115384615385 0.35697115384615385 0.055288461538461536 0.11778846153846154
4 0.43149038461538464 0.18389423076923078 0.04567307692307692 0.10817307692307693
4 0.4014423076923077 0.5528846153846154 0.057692307692307696 0.11057692307692307
4 0.46875 0.6766826923076923 0.057692307692307696 0.11778846153846154
4 0.49399038461538464 0.27283653846153844 0.05048076923076923 0.11778846153846154
1 0.34975961538461536 0.09134615384615384 0.055288461538461536 0.14423076923076922
1 0.6550480769230769 0.5444711538461539 0.06009615384615385 0.15144230769230768
12 0.8100961538461539 0.0829326923076923 0.057692307692307696 0.13221153846153846
8 0.8497596153846154 0.4014423076923077 0.07451923076923077 0.20192307692307693
9 0.6610576923076923 0.33533653846153844 0.0625 0.14182692307692307
9 0.8521634615384616 0.546875 0.07451923076923077 0.1466346153846154
7 0.8233173076923077 0.14903846153846154 0.06009615384615385 0.14423076923076922
7 0.8713942307692307 0.6610576923076923 0.06971153846153846 0.14423076923076922
11 0.7367788461538461 0.21995192307692307 0.07451923076923077 0.1658653846153846
10 0.7367788461538461 0.16466346153846154 0.05048076923076923 0.10336538461538461
10 0.59375 0.0889423076923077 0.052884615384615384 0.10576923076923077
10 0.5901442307692307 0.2548076923076923 0.04567307692307692 0.11057692307692307
10 0.7524038461538461 0.3401442307692308 0.04807692307692308 0.10817307692307693
10 0.7536057692307693 0.4423076923076923 0.055288461538461536 0.11538461538461539
10 0.7632211538461539 0.6730769230769231 0.06009615384615385 0.1201923076923077