5 0.5120192307692307 0.43149038461538464 0.0673076923076923 0.18990384615384615
3 0.5865384615384616 0.34615384615384615 0.057692307692307696 0.14903846153846154
3 0.6274038461538461 0.6730769230769231 0.07211538461538461 0.15865384615384615
2 0.7620192307692307 0.3173076923076923 0.08173076923076923 0.20192307692307693
6 0.7307692307692307 0.0985576923076923 0.057692307692307696 0.12980769230769232
6 0.8365384615384616 0.8076923076923077 0.08173076923076923 0.14423076923076922
4 0.7319711538461539 0.8040865384615384 0.06490384615384616 0.12740384615384615
4 0.6742788461538461 0.35697115384615385 0.055288461538461536 0.11778846153846154
4 0.5685096153846154 0.18389423076923078 0.04567307692307692 0.10817307692307693
4 0.5985576923076923 0.5528846153846154 0.057692307692307696 0.11057692307692307
4 0.53125 0.6766826923076923 0.057692307692307696 0.11778846153846154
4 0.5060096153846154 0.27283653846153844 0.05048076923076923 0.11778846153846154
1 0.6502403846153846 0.09134615384615384 0.055288461538461536 0.14423076923076922
1 0.3449519230769231 0.5444711538461539 0.06009615384615385 0.15144230769230768
12 0.18990384615384615 0.0829326923076923 0.057692307692307696 0.13221153846153846
8 0.1502403846153846 0.4014423076923077 0.07451923076923077 0.20192307692307693
9 0.3389423076923077 0.33533653846153844 0.0625 0.14182692307692307
9 0.14783653846153846 0.546875 0.07451923076923077 0.1466346153846154
7 0.17668269230769232 0.14903846153846154 0.06009615384615385 0.14423076923076922
7 0.12860576923076922 0.6610576923076923 0.06971153846153846 0.14423076923076922
11 0.26322115384615385 0.21995192307692307 0.07451923076923077 0.1658653846153846
10 0.26322115384615385 0.16466346153846154 0.05048076923076923 0.10336538461538461
10 0.40625 0.0889423076923077 0.052884615384615384 0.10576923076923077
10 0.4098557692307692 0.2548076923076923 0.04567307692307692 0.11057692307692307
10 0.24759615384615385 0.3401442307692308 0.04807692307692308 0.10817307692307693
10 0.24639423076923078 0.4423076923076923 0.055288461538461536 0.11538461538461539
10 0.23677884615384615 0.6730769230769231 0.06009615384615385 0.1201923076923077