5 0.47596153846153844 0.4387019230769231 0.0673076923076923 0.18990384615384615
3 0.40024038461538464 0.3485576923076923 0.055288461538461536 0.14903846153846154
3 0.3581730769230769 0.6754807692307693 0.07211538461538461 0.15865384615384615
2 0.22355769230769232 0.31009615384615385 0.08173076923076923 0.20192307692307693
6 0.25600961538461536 0.09254807692307693 0.06009615384615385 0.13221153846153846
6 0.14903846153846154 0.7980769230769231 0.08173076923076923 0.14423076923076922
4 0.2536057692307692 0.8016826923076923 0.06490384615384616 0.12740384615384615
4 0.3112980769230769 0.35697115384615385 0.055288461538461536 0.11778846153846154
4 0.4182692307692308 0.18870192307692307 0.04807692307692308 0.10817307692307693
4 0.38822115384615385 0.5576923076923077 0.055288461538461536 0.11057692307692307
4 0.4579326923076923 0.6850961538461539 0.06009615384615385 0.11538461538461539
4 0.48197115384615385 0.2824519230769231 0.05048076923076923 0.11778846153846154
1 0.33774038461538464 0.09014423076923077 0.055288461538461536 0.1466346153846154
1 0.6442307692307693 0.5637019230769231 0.0625 0.15144230769230768
12 0.8004807692307693 0.109375 0.057692307692307696 0.13221153846153846
8 0.8389423076923077 0.43028846153846156 0.07692307692307693 0.20192307692307693
9 0.6490384615384616 0.35216346153846156 0.0625 0.14182692307692307
9 0.8425480769230769 0.5769230769230769 0.07451923076923077 0.14423076923076922
7 0.8112980769230769 0.17548076923076922 0.06009615384615385 0.14423076923076922
7 0.8617788461538461 0.6935096153846154 0.06971153846153846 0.1466346153846154
11 0.7259615384615384 0.2439903846153846 0.07692307692307693 0.1658653846153846
10 0.7247596153846154 0.18870192307692307 0.05048076923076923 0.10336538461538461
10 0.5829326923076923 0.10216346153846154 0.05048076923076923 0.10336538461538461
10 0.578125 0.26802884615384615 0.04567307692307692 0.10817307692307693
10 0.7403846153846154 0.3641826923076923 0.04807692307692308 0.10817307692307693
10 0.7427884615384616 0.46634615384615385 0.057692307692307696 0.11538461538461539
10 0.7536057692307693 0.6983173076923077 0.06009615384615385 0.11778846153846154