5 0.5240384615384616 0.4387019230769231 0.0673076923076923 0.18990384615384615
3 0.5997596153846154 0.3485576923076923 0.055288461538461536 0.14903846153846154
3 0.6418269230769231 0.6754807692307693 0.07211538461538461 0.15865384615384615
2 0.7764423076923077 0.31009615384615385 0.08173076923076923 0.20192307692307693
6 0.7439903846153846 0.09254807692307693 0.06009615384615385 0.13221153846153846
6 0.8509615384615384 0.7980769230769231 0.08173076923076923 0.14423076923076922
4 0.7463942307692307 0.8016826923076923 0.06490384615384616 0.12740384615384615
4 0.6887019230769231 0.35697115384615385 0.055288461538461536 0.11778846153846154
4 0.5817307692307693 0.18870192307692307 0.04807692307692308 0.10817307692307693
4 0.6117788461538461 0.5576923076923077 0.055288461538461536 0.11057692307692307
4 0.5420673076923077 0.6850961538461539 0.06009615384615385 0.11538461538461539
4 0.5180288461538461 0.2824519230769231 0.05048076923076923 0.11778846153846154
1 0.6622596153846154 0.09014423076923077 0.055288461538461536 0.1466346153846154
1 0.3557692307692308 0.5637019230769231 0.0625 0.15144230769230768
12 0.19951923076923078 0.109375 0.057692307692307696 0.13221153846153846
8 0.16105769230769232 0.43028846153846156 0.07692307692307693 0.20192307692307693
9 0.35096153846153844 0.35216346153846156 0.0625 0.14182692307692307
9 0.15745192307692307 0.5769230769230769 0.07451923076923077 0.14423076923076922
7 0.18870192307692307 0.17548076923076922 0.06009615384615385 0.14423076923076922
7 0.13822115384615385 0.6935096153846154 0.06971153846153846 0.1466346153846154
11 0.27403846153846156 0.2439903846153846 0.07692307692307693 0.1658653846153846
10 0.27524038461538464 0.18870192307692307 0.05048076923076923 0.10336538461538461
10 0.4170673076923077 0.10216346153846154 0.05048076923076923 0.10336538461538461
10 0.421875 0.26802884615384615 0.04567307692307692 0.10817307692307693
10 0.25961538461538464 0.3641826923076923 0.04807692307692308 0.10817307692307693
10 0.25721153846153844 0.46634615384615385 0.057692307692307696 0.11538461538461539
10 0.24639423076923078 0.6983173076923077 0.06009615384615385 0.11778846153846154