2 0.23076923076923078 0.2932692307692308 0.09134615384615384 0.21153846153846154
6 0.25961538461538464 0.07572115384615384 0.0625 0.12740384615384615
6 0.20072115384615385 0.5288461538461539 0.07932692307692307 0.1346153846153846
1 0.3762019230769231 0.6598557692307693 0.07451923076923077 0.16105769230769232
1 0.4074519230769231 0.3317307692307692 0.06490384615384616 0.14423076923076922
5 0.4855769230769231 0.42427884615384615 0.07211538461538461 0.18509615384615385
4 0.4879807692307692 0.2620192307692308 0.04807692307692308 0.11057692307692307
4 0.27283653846153844 0.7848557692307693 0.06490384615384616 0.12259615384615384
4 0.31850961538461536 0.3389423076923077 0.055288461538461536 0.11538461538461539
4 0.40384615384615385 0.5420673076923077 0.0625 0.11778846153846154
4 0.4735576923076923 0.671875 0.0625 0.11778846153846154
4 0.5096153846153846 0.17067307692307693 0.057692307692307696 0.10576923076923077
1 0.39783653846153844 0.15264423076923078 0.06971153846153846 0.15144230769230768
1 0.6550480769230769 0.5432692307692307 0.07451923076923077 0.14423076923076922
11 0.6538461538461539 0.1466346153846154 0.07211538461538461 0.18269230769230768
12 0.8016826923076923 0.08774038461538461 0.06490384615384616 0.12259615384615384
9 0.7860576923076923 0.8028846153846154 0.08653846153846154 0.15384615384615385
9 0.6550480769230769 0.328125 0.06490384615384616 0.13701923076923078
7 0.6526442307692307 0.43028846153846156 0.06009615384615385 0.1346153846153846
7 0.8149038461538461 0.15264423076923078 0.0625 0.14182692307692307
8 0.8461538461538461 0.41586538461538464 0.09134615384615384 0.21153846153846154
10 0.5817307692307693 0.08533653846153846 0.04807692307692308 0.11298076923076923
10 0.5853365384615384 0.24759615384615385 0.055288461538461536 0.11538461538461539
10 0.7271634615384616 0.16826923076923078 0.055288461538461536 0.11057692307692307
10 0.7475961538461539 0.34134615384615385 0.057692307692307696 0.11538461538461539
10 0.7524038461538461 0.44350961538461536 0.057692307692307696 0.11778846153846154
10 0.7692307692307693 0.6766826923076923 0.0625 0.12259615384615384