2 0.1814903846153846 0.2776442307692308 0.09375 0.22355769230769232
6 0.2247596153846154 0.05889423076923077 0.06490384615384616 0.11778846153846154
6 0.13581730769230768 0.5276442307692307 0.07932692307692307 0.14182692307692307
1 0.3112980769230769 0.6634615384615384 0.07451923076923077 0.16826923076923078
1 0.3641826923076923 0.31850961538461536 0.06490384615384616 0.15144230769230768
5 0.4423076923076923 0.41346153846153844 0.07211538461538461 0.19230769230769232
4 0.4543269230769231 0.24278846153846154 0.052884615384615384 0.11538461538461539
4 0.19591346153846154 0.7980769230769231 0.06490384615384616 0.12980769230769232
4 0.2692307692307692 0.3269230769230769 0.057692307692307696 0.1201923076923077
4 0.3473557692307692 0.5396634615384616 0.06490384615384616 0.12259615384615384
4 0.41466346153846156 0.6742788461538461 0.06490384615384616 0.12259615384615384
4 0.48197115384615385 0.1466346153846154 0.06009615384615385 0.11057692307692307
1 0.36538461538461536 0.12740384615384615 0.07211538461538461 0.15865384615384615
1 0.6141826923076923 0.5372596153846154 0.07932692307692307 0.15144230769230768
11 0.6370192307692307 0.11899038461538461 0.07692307692307693 0.19471153846153846
12 0.796875 0.0625 0.06490384615384616 0.11538461538461539
9 0.7355769230769231 0.8088942307692307 0.08653846153846154 0.16105769230769232
9 0.6274038461538461 0.3088942307692308 0.0673076923076923 0.14182692307692307
7 0.6189903846153846 0.4182692307692308 0.06009615384615385 0.14423076923076922
7 0.8076923076923077 0.12379807692307693 0.0673076923076923 0.15144230769230768
8 0.8233173076923077 0.40024038461538464 0.09375 0.22355769230769232
10 0.5649038461538461 0.06009615384615385 0.04807692307692308 0.11057692307692307
10 0.5588942307692307 0.22596153846153846 0.055288461538461536 0.1201923076923077
10 0.7127403846153846 0.14182692307692307 0.055288461538461536 0.11538461538461539
10 0.7235576923076923 0.3245192307692308 0.057692307692307696 0.1201923076923077
10 0.7223557692307693 0.43149038461538464 0.06009615384615385 0.12259615384615384
10 0.7271634615384616 0.6766826923076923 0.06490384615384616 0.12740384615384615