2 0.7992788461538461 0.30288461538461536 0.0889423076923077 0.21153846153846154
6 0.7572115384615384 0.0829326923076923 0.0625 0.12740384615384615
6 0.8449519230769231 0.5432692307692307 0.07932692307692307 0.13942307692307693
1 0.6766826923076923 0.6742788461538461 0.07451923076923077 0.16105769230769232
1 0.6237980769230769 0.3389423076923077 0.06490384615384616 0.14423076923076922
5 0.5504807692307693 0.43028846153846156 0.07211538461538461 0.1875
4 0.5372596153846154 0.265625 0.05048076923076923 0.11298076923076923
4 0.7884615384615384 0.8028846153846154 0.0625 0.125
4 0.7139423076923077 0.3485576923076923 0.057692307692307696 0.11538461538461539
4 0.6418269230769231 0.5528846153846154 0.0625 0.1201923076923077
4 0.578125 0.6814903846153846 0.06490384615384616 0.11778846153846154
4 0.5096153846153846 0.17307692307692307 0.057692307692307696 0.10576923076923077
1 0.6213942307692307 0.15625 0.06971153846153846 0.15384615384615385
1 0.3858173076923077 0.5480769230769231 0.07451923076923077 0.14423076923076922
11 0.3605769230769231 0.14543269230769232 0.07211538461538461 0.18509615384615385
12 0.20552884615384615 0.08052884615384616 0.06490384615384616 0.12259615384615384
9 0.2692307692307692 0.8076923076923077 0.08653846153846154 0.15384615384615385
9 0.3713942307692308 0.328125 0.06490384615384616 0.13701923076923078
7 0.38100961538461536 0.43149038461538464 0.06009615384615385 0.13701923076923078
7 0.19831730769230768 0.14783653846153846 0.06490384615384616 0.1466346153846154
8 0.18269230769230768 0.41346153846153844 0.09134615384615384 0.21153846153846154
10 0.42908653846153844 0.08413461538461539 0.05048076923076923 0.11538461538461539
10 0.4375 0.24759615384615385 0.052884615384615384 0.11538461538461539
10 0.28725961538461536 0.1658653846153846 0.055288461538461536 0.11057692307692307
10 0.27884615384615385 0.3401442307692308 0.057692307692307696 0.11778846153846154
10 0.28125 0.44350961538461536 0.057692307692307696 0.11778846153846154
10 0.2776442307692308 0.6790865384615384 0.06490384615384616 0.12259615384615384