2 0.8185096153846154 0.2776442307692308 0.09375 0.22355769230769232
6 0.7752403846153846 0.05889423076923077 0.06490384615384616 0.11778846153846154
6 0.8641826923076923 0.5276442307692307 0.07932692307692307 0.14182692307692307
1 0.6887019230769231 0.6634615384615384 0.07451923076923077 0.16826923076923078
1 0.6358173076923077 0.31850961538461536 0.06490384615384616 0.15144230769230768
5 0.5576923076923077 0.41346153846153844 0.07211538461538461 0.19230769230769232
4 0.5456730769230769 0.24278846153846154 0.052884615384615384 0.11538461538461539
4 0.8040865384615384 0.7980769230769231 0.06490384615384616 0.12980769230769232
4 0.7307692307692307 0.3269230769230769 0.057692307692307696 0.1201923076923077
4 0.6526442307692307 0.5396634615384616 0.06490384615384616 0.12259615384615384
4 0.5853365384615384 0.6742788461538461 0.06490384615384616 0.12259615384615384
4 0.5180288461538461 0.1466346153846154 0.06009615384615385 0.11057692307692307
1 0.6346153846153846 0.12740384615384615 0.07211538461538461 0.15865384615384615
1 0.3858173076923077 0.5372596153846154 0.07932692307692307 0.15144230769230768
11 0.3629807692307692 0.11899038461538461 0.07692307692307693 0.19471153846153846
12 0.203125 0.0625 0.06490384615384616 0.11538461538461539
9 0.2644230769230769 0.8088942307692307 0.08653846153846154 0.16105769230769232
9 0.37259615384615385 0.3088942307692308 0.0673076923076923 0.14182692307692307
7 0.38100961538461536 0.4182692307692308 0.06009615384615385 0.14423076923076922
7 0.19230769230769232 0.12379807692307693 0.0673076923076923 0.15144230769230768
8 0.17668269230769232 0.40024038461538464 0.09375 0.22355769230769232
10 0.43509615384615385 0.06009615384615385 0.04807692307692308 0.11057692307692307
10 0.4411057692307692 0.22596153846153846 0.055288461538461536 0.1201923076923077
10 0.28725961538461536 0.14182692307692307 0.055288461538461536 0.11538461538461539
10 0.2764423076923077 0.3245192307692308 0.057692307692307696 0.1201923076923077
10 0.2776442307692308 0.43149038461538464 0.06009615384615385 0.12259615384615384
10 0.27283653846153844 0.6766826923076923 0.06490384615384616 0.12740384615384615