7 0.8161057692307693 0.171875 0.06971153846153846 0.14182692307692307
7 0.6358173076923077 0.4423076923076923 0.055288461538461536 0.1346153846153846
9 0.7487980769230769 0.8112980769230769 0.07932692307692307 0.16105769230769232
9 0.6430288461538461 0.3425480769230769 0.06490384615384616 0.13701923076923078
11 0.6550480769230769 0.16105769230769232 0.06971153846153846 0.1778846153846154
8 0.8329326923076923 0.43149038461538464 0.08413461538461539 0.20432692307692307
12 0.8076923076923077 0.11057692307692307 0.0625 0.12980769230769232
10 0.5877403846153846 0.09615384615384616 0.05048076923076923 0.11057692307692307
10 0.7367788461538461 0.6899038461538461 0.06009615384615385 0.11538461538461539
10 0.7331730769230769 0.45913461538461536 0.0625 0.11057692307692307
10 0.7355769230769231 0.3581730769230769 0.057692307692307696 0.11057692307692307
10 0.7259615384615384 0.18269230769230768 0.052884615384615384 0.11538461538461539
1 0.39903846153846156 0.16947115384615385 0.057692307692307696 0.15144230769230768
1 0.6310096153846154 0.5588942307692307 0.06009615384615385 0.1466346153846154
3 0.5396634615384616 0.7992788461538461 0.06971153846153846 0.15625
3 0.39783653846153844 0.34615384615384615 0.06490384615384616 0.14423076923076922
2 0.22355769230769232 0.2980769230769231 0.08653846153846154 0.20192307692307693
6 0.42908653846153844 0.0889423076923077 0.055288461538461536 0.125
6 0.19831730769230768 0.4423076923076923 0.07451923076923077 0.1346153846153846
4 0.23557692307692307 0.7944711538461539 0.0673076923076923 0.11778846153846154
4 0.30649038461538464 0.3485576923076923 0.05048076923076923 0.11057692307692307
4 0.5096153846153846 0.18389423076923078 0.04807692307692308 0.10336538461538461
4 0.4795673076923077 0.27524038461538464 0.04567307692307692 0.10817307692307693
4 0.3786057692307692 0.5492788461538461 0.055288461538461536 0.11778846153846154
4 0.4411057692307692 0.6826923076923077 0.055288461538461536 0.11538461538461539