7 0.8100961538461539 0.14182692307692307 0.0673076923076923 0.13942307692307693
7 0.6358173076923077 0.4170673076923077 0.055288461538461536 0.13221153846153846
9 0.7512019230769231 0.7776442307692307 0.07451923076923077 0.15625
9 0.6418269230769231 0.31850961538461536 0.0625 0.13701923076923078
11 0.6514423076923077 0.13822115384615385 0.0673076923076923 0.17548076923076922
8 0.8317307692307693 0.39903846153846156 0.08173076923076923 0.1971153846153846
12 0.8004807692307693 0.08173076923076923 0.0625 0.12980769230769232
10 0.5853365384615384 0.078125 0.05048076923076923 0.10817307692307693
10 0.7379807692307693 0.6574519230769231 0.057692307692307696 0.11298076923076923
10 0.7307692307692307 0.42908653846153844 0.0625 0.10817307692307693
10 0.7331730769230769 0.33052884615384615 0.052884615384615384 0.10817307692307693
10 0.7211538461538461 0.15625 0.052884615384615384 0.11538461538461539
1 0.39903846153846156 0.15625 0.052884615384615384 0.14903846153846154
1 0.6322115384615384 0.5324519230769231 0.057692307692307696 0.14182692307692307
3 0.5444711538461539 0.7716346153846154 0.06971153846153846 0.15384615384615385
3 0.40024038461538464 0.33052884615384615 0.06009615384615385 0.14182692307692307
2 0.2247596153846154 0.28966346153846156 0.08413461538461539 0.19951923076923078
6 0.42788461538461536 0.07572115384615384 0.052884615384615384 0.12259615384615384
6 0.203125 0.4338942307692308 0.07451923076923077 0.13221153846153846
4 0.24519230769230768 0.78125 0.0625 0.11538461538461539
4 0.3088942307692308 0.33774038461538464 0.05048076923076923 0.10817307692307693
4 0.5084134615384616 0.1658653846153846 0.04567307692307692 0.10096153846153846
4 0.4807692307692308 0.25961538461538464 0.04326923076923077 0.10576923076923077
4 0.38341346153846156 0.5336538461538461 0.055288461538461536 0.11538461538461539
4 0.44471153846153844 0.6622596153846154 0.052884615384615384 0.11298076923076923