7 0.18990384615384615 0.14182692307692307 0.0673076923076923 0.13942307692307693
7 0.3641826923076923 0.4170673076923077 0.055288461538461536 0.13221153846153846
9 0.24879807692307693 0.7776442307692307 0.07451923076923077 0.15625
9 0.3581730769230769 0.31850961538461536 0.0625 0.13701923076923078
11 0.3485576923076923 0.13822115384615385 0.0673076923076923 0.17548076923076922
8 0.16826923076923078 0.39903846153846156 0.08173076923076923 0.1971153846153846
12 0.19951923076923078 0.08173076923076923 0.0625 0.12980769230769232
10 0.41466346153846156 0.078125 0.05048076923076923 0.10817307692307693
10 0.2620192307692308 0.6574519230769231 0.057692307692307696 0.11298076923076923
10 0.2692307692307692 0.42908653846153844 0.0625 0.10817307692307693
10 0.2668269230769231 0.33052884615384615 0.052884615384615384 0.10817307692307693
10 0.27884615384615385 0.15625 0.052884615384615384 0.11538461538461539
1 0.6009615384615384 0.15625 0.052884615384615384 0.14903846153846154
1 0.36778846153846156 0.5324519230769231 0.057692307692307696 0.14182692307692307
3 0.45552884615384615 0.7716346153846154 0.06971153846153846 0.15384615384615385
3 0.5997596153846154 0.33052884615384615 0.06009615384615385 0.14182692307692307
2 0.7752403846153846 0.28966346153846156 0.08413461538461539 0.19951923076923078
6 0.5721153846153846 0.07572115384615384 0.052884615384615384 0.12259615384615384
6 0.796875 0.4338942307692308 0.07451923076923077 0.13221153846153846
4 0.7548076923076923 0.78125 0.0625 0.11538461538461539
4 0.6911057692307693 0.33774038461538464 0.05048076923076923 0.10817307692307693
4 0.49158653846153844 0.1658653846153846 0.04567307692307692 0.10096153846153846
4 0.5192307692307693 0.25961538461538464 0.04326923076923077 0.10576923076923077
4 0.6165865384615384 0.5336538461538461 0.055288461538461536 0.11538461538461539
4 0.5552884615384616 0.6622596153846154 0.052884615384615384 0.11298076923076923