7 0.15865384615384615 0.1201923076923077 0.07211538461538461 0.14903846153846154
7 0.3329326923076923 0.41225961538461536 0.055288461538461536 0.14182692307692307
9 0.19471153846153846 0.7944711538461539 0.08173076923076923 0.1658653846153846
9 0.33052884615384615 0.30649038461538464 0.06490384615384616 0.14182692307692307
11 0.3293269230769231 0.11658653846153846 0.07211538461538461 0.18509615384615385
8 0.12620192307692307 0.3918269230769231 0.0889423076923077 0.21153846153846154
12 0.17307692307692307 0.0625 0.0673076923076923 0.125
10 0.4026442307692308 0.055288461538461536 0.05048076923076923 0.11057692307692307
10 0.21394230769230768 0.6682692307692307 0.0625 0.1201923076923077
10 0.23076923076923078 0.4254807692307692 0.0673076923076923 0.11538461538461539
10 0.23317307692307693 0.31971153846153844 0.057692307692307696 0.11538461538461539
10 0.2536057692307692 0.13581730769230768 0.055288461538461536 0.12259615384615384
1 0.5961538461538461 0.13581730769230768 0.057692307692307696 0.15625
1 0.3317307692307692 0.5348557692307693 0.0625 0.15144230769230768
3 0.41466346153846156 0.7884615384615384 0.07451923076923077 0.16346153846153846
3 0.5877403846153846 0.32091346153846156 0.06490384615384616 0.15144230769230768
2 0.7740384615384616 0.27884615384615385 0.09134615384615384 0.21153846153846154
6 0.5685096153846154 0.05889423076923077 0.06009615384615385 0.11778846153846154
6 0.7932692307692307 0.43028846153846156 0.07692307692307693 0.13942307692307693
4 0.7331730769230769 0.7992788461538461 0.0673076923076923 0.12259615384615384
4 0.6850961538461539 0.328125 0.052884615384615384 0.11778846153846154
4 0.4807692307692308 0.1466346153846154 0.04807692307692308 0.10576923076923077
4 0.5048076923076923 0.2439903846153846 0.04807692307692308 0.11298076923076923
4 0.5973557692307693 0.5360576923076923 0.06009615384615385 0.125
4 0.5252403846153846 0.6730769230769231 0.055288461538461536 0.1201923076923077