11 0.2776442307692308 0.21033653846153846 0.07451923076923077 0.17067307692307693
2 0.7824519230769231 0.27163461538461536 0.07932692307692307 0.1971153846153846
1 0.6622596153846154 0.06129807692307692 0.055288461538461536 0.12259615384615384
6 0.7439903846153846 0.057692307692307696 0.055288461538461536 0.11538461538461539
4 0.6959134615384616 0.32091346153846156 0.05048076923076923 0.10336538461538461
6 0.8653846153846154 0.7620192307692307 0.08173076923076923 0.13942307692307693
4 0.7572115384615384 0.7680288461538461 0.0625 0.11298076923076923
3 0.6622596153846154 0.6454326923076923 0.06971153846153846 0.13701923076923078
3 0.6189903846153846 0.32211538461538464 0.055288461538461536 0.13942307692307693
5 0.5288461538461539 0.4026442307692308 0.0625 0.18028846153846154
4 0.5528846153846154 0.6550480769230769 0.057692307692307696 0.11298076923076923
4 0.609375 0.5300480769230769 0.05048076923076923 0.11298076923076923
4 0.5865384615384616 0.15264423076923078 0.04326923076923077 0.10336538461538461
4 0.5168269230769231 0.06850961538461539 0.038461538461538464 0.10336538461538461
4 0.5216346153846154 0.2439903846153846 0.04807692307692308 0.10336538461538461
4 0.36538461538461536 0.4423076923076923 0.04807692307692308 0.11057692307692307
1 0.36778846153846156 0.5300480769230769 0.057692307692307696 0.14182692307692307
8 0.1658653846153846 0.4026442307692308 0.07211538461538461 0.19951923076923078
12 0.19951923076923078 0.07692307692307693 0.052884615384615384 0.125
9 0.35697115384615385 0.31850961538461536 0.06009615384615385 0.13221153846153846
9 0.16466346153846154 0.5444711538461539 0.06971153846153846 0.13701923076923078
7 0.18870192307692307 0.14182692307692307 0.055288461538461536 0.14423076923076922
7 0.14783653846153846 0.6646634615384616 0.06971153846153846 0.14182692307692307
10 0.2776442307692308 0.15264423076923078 0.04567307692307692 0.09375
10 0.2644230769230769 0.328125 0.052884615384615384 0.10336538461538461
10 0.25240384615384615 0.6658653846153846 0.057692307692307696 0.1201923076923077
10 0.2644230769230769 0.43149038461538464 0.052884615384615384 0.10817307692307693
10 0.41947115384615385 0.06850961538461539 0.04567307692307692 0.10336538461538461
10 0.42427884615384615 0.22956730769230768 0.04567307692307692 0.10817307692307693
10 0.43990384615384615 0.5480769230769231 0.04807692307692308 0.11057692307692307