2 0.27283653846153844 0.5973557692307693 0.0889423076923077 0.2091346153846154
6 0.15745192307692307 0.7463942307692307 0.07932692307692307 0.15144230769230768
3 0.5516826923076923 0.375 0.07932692307692307 0.13942307692307693
5 0.390625 0.2860576923076923 0.06971153846153846 0.1875
4 0.3088942307692308 0.21875 0.055288461538461536 0.1201923076923077
4 0.46875 0.29086538461538464 0.052884615384615384 0.11057692307692307
4 0.36899038461538464 0.5048076923076923 0.05048076923076923 0.11538461538461539
12 0.35216346153846156 0.7175480769230769 0.07451923076923077 0.1466346153846154
9 0.47475961538461536 0.11899038461538461 0.06490384615384616 0.1466346153846154
8 0.7211538461538461 0.34375 0.07692307692307693 0.20673076923076922
12 0.7728365384615384 0.038461538461538464 0.06009615384615385 0.07692307692307693
11 0.6274038461538461 0.26802884615384615 0.057692307692307696 0.18028846153846154
10 0.5504807692307693 0.28365384615384615 0.057692307692307696 0.1201923076923077
10 0.6971153846153846 0.042067307692307696 0.052884615384615384 0.08413461538461539
10 0.7007211538461539 0.18629807692307693 0.055288461538461536 0.11298076923076923
10 0.734375 0.5865384615384616 0.06009615384615385 0.11538461538461539