2 0.7872596153846154 0.5985576923076923 0.09375 0.22596153846153846
6 0.9134615384615384 0.7620192307692307 0.08653846153846154 0.16346153846153846
3 0.48197115384615385 0.3581730769230769 0.08413461538461539 0.15384615384615385
5 0.6526442307692307 0.2620192307692308 0.07451923076923077 0.20192307692307693
4 0.7379807692307693 0.19230769230769232 0.0625 0.12980769230769232
4 0.5685096153846154 0.2692307692307692 0.055288461538461536 0.1201923076923077
4 0.6814903846153846 0.49759615384615385 0.055288461538461536 0.125
12 0.7043269230769231 0.7283653846153846 0.07692307692307693 0.15865384615384615
9 0.5576923076923077 0.0829326923076923 0.0673076923076923 0.15625
8 0.3004807692307692 0.32091346153846156 0.08173076923076923 0.22355769230769232
12 0.23798076923076922 0.018028846153846152 0.0673076923076923 0.036057692307692304
11 0.39903846153846156 0.24158653846153846 0.0625 0.19471153846153846
10 0.4807692307692308 0.25961538461538464 0.0625 0.12980769230769232
10 0.3173076923076923 0.021634615384615384 0.057692307692307696 0.04326923076923077
10 0.3173076923076923 0.15384615384615385 0.057692307692307696 0.1201923076923077
10 0.2920673076923077 0.5829326923076923 0.06490384615384616 0.12259615384615384