6 0.171875 0.7824519230769231 0.07932692307692307 0.14182692307692307
2 0.359375 0.7415865384615384 0.08413461538461539 0.2091346153846154
5 0.41466346153846156 0.32572115384615385 0.07451923076923077 0.17548076923076922
4 0.3293269230769231 0.25240384615384615 0.052884615384615384 0.10576923076923077
4 0.390625 0.5432692307692307 0.06009615384615385 0.11057692307692307
4 0.4951923076923077 0.33413461538461536 0.052884615384615384 0.11057692307692307
8 0.6586538461538461 0.40384615384615385 0.08173076923076923 0.1971153846153846
12 0.8305288461538461 0.24519230769230768 0.06971153846153846 0.125
10 0.7331730769230769 0.08413461538461539 0.057692307692307696 0.10576923076923077
10 0.6478365384615384 0.1778846153846154 0.055288461538461536 0.11057692307692307
10 0.578125 0.33774038461538464 0.055288461538461536 0.10817307692307693
10 0.7620192307692307 0.6670673076923077 0.0625 0.12259615384615384