6 0.8677884615384616 0.7824519230769231 0.07692307692307693 0.1466346153846154
2 0.6742788461538461 0.7355769230769231 0.08413461538461539 0.21634615384615385
5 0.6081730769230769 0.3076923076923077 0.07211538461538461 0.18269230769230768
4 0.6923076923076923 0.23317307692307693 0.052884615384615384 0.11057692307692307
4 0.6382211538461539 0.53125 0.06009615384615385 0.11538461538461539
4 0.5264423076923077 0.3125 0.052884615384615384 0.11538461538461539
8 0.359375 0.38100961538461536 0.07932692307692307 0.20432692307692307
12 0.1778846153846154 0.21514423076923078 0.0673076923076923 0.12740384615384615
10 0.27524038461538464 0.052884615384615384 0.06009615384615385 0.10576923076923077
10 0.3641826923076923 0.1502403846153846 0.055288461538461536 0.11298076923076923
10 0.43990384615384615 0.3161057692307692 0.052884615384615384 0.11298076923076923
10 0.25961538461538464 0.6490384615384616 0.0625 0.12980769230769232