6 0.11899038461538461 0.8028846153846154 0.07932692307692307 0.14903846153846154
2 0.31490384615384615 0.7596153846153846 0.08653846153846154 0.21634615384615385
5 0.3858173076923077 0.3293269230769231 0.07451923076923077 0.18269230769230768
4 0.29927884615384615 0.2512019230769231 0.05048076923076923 0.10817307692307693
4 0.35216346153846156 0.5528846153846154 0.06009615384615385 0.11538461538461539
4 0.46634615384615385 0.33413461538461536 0.052884615384615384 0.11538461538461539
8 0.6346153846153846 0.40625 0.08173076923076923 0.20673076923076922
12 0.8185096153846154 0.24158653846153846 0.06971153846153846 0.12740384615384615
10 0.7223557692307693 0.07572115384615384 0.06009615384615385 0.10817307692307693
10 0.6322115384615384 0.17307692307692307 0.057692307692307696 0.11538461538461539
10 0.5540865384615384 0.33774038461538464 0.055288461538461536 0.11298076923076923
10 0.7331730769230769 0.6790865384615384 0.0625 0.12740384615384615