2 0.765625 0.3004807692307692 0.08413461538461539 0.1971153846153846
5 0.5120192307692307 0.42427884615384615 0.0673076923076923 0.17548076923076922
1 0.6490384615384616 0.078125 0.057692307692307696 0.13701923076923078
6 0.7319711538461539 0.08173076923076923 0.055288461538461536 0.11538461538461539
6 0.8341346153846154 0.7872596153846154 0.08173076923076923 0.13701923076923078
4 0.7271634615384616 0.7848557692307693 0.06490384615384616 0.11298076923076923
3 0.6262019230769231 0.6550480769230769 0.07451923076923077 0.15144230769230768
3 0.5973557692307693 0.33774038461538464 0.06009615384615385 0.13701923076923078
4 0.6778846153846154 0.34375 0.04807692307692308 0.10096153846153846
4 0.5745192307692307 0.17307692307692307 0.04807692307692308 0.10096153846153846
4 0.5072115384615384 0.25841346153846156 0.04807692307692308 0.10336538461538461
4 0.5973557692307693 0.5408653846153846 0.05048076923076923 0.11057692307692307
4 0.5300480769230769 0.6658653846153846 0.055288461538461536 0.11057692307692307
4 0.3473557692307692 0.44591346153846156 0.05048076923076923 0.0985576923076923
1 0.34615384615384615 0.5408653846153846 0.0625 0.14423076923076922
10 0.2668269230769231 0.16346153846153846 0.04807692307692308 0.10576923076923077
11 0.2704326923076923 0.21754807692307693 0.06009615384615385 0.1658653846153846
8 0.15144230769230768 0.40024038461538464 0.07692307692307693 0.18990384615384615
9 0.14903846153846154 0.5420673076923077 0.07692307692307693 0.13701923076923078
7 0.17908653846153846 0.1466346153846154 0.06971153846153846 0.1346153846153846
7 0.12740384615384615 0.6598557692307693 0.0673076923076923 0.13701923076923078
9 0.3449519230769231 0.3245192307692308 0.06490384615384616 0.12980769230769232
12 0.19230769230769232 0.08052884615384616 0.0673076923076923 0.12740384615384615
10 0.40865384615384615 0.08052884615384616 0.04807692307692308 0.10817307692307693
10 0.41225961538461536 0.24639423076923078 0.05048076923076923 0.10817307692307693
10 0.25 0.33533653846153844 0.052884615384615384 0.10336538461538461
10 0.24759615384615385 0.43509615384615385 0.057692307692307696 0.10576923076923077
10 0.22956730769230768 0.6646634615384616 0.06490384615384616 0.11298076923076923
10 0.4170673076923077 0.5588942307692307 0.05048076923076923 0.10817307692307693