2 0.7824519230769231 0.2860576923076923 0.08413461538461539 0.1971153846153846
5 0.5300480769230769 0.40865384615384615 0.06971153846153846 0.1778846153846154
1 0.6574519230769231 0.06490384615384616 0.06009615384615385 0.12980769230769232
6 0.7403846153846154 0.06370192307692307 0.052884615384615384 0.11778846153846154
6 0.8689903846153846 0.7788461538461539 0.08413461538461539 0.13942307692307693
4 0.7608173076923077 0.7788461538461539 0.06490384615384616 0.11538461538461539
3 0.6550480769230769 0.6442307692307693 0.07451923076923077 0.15384615384615385
3 0.6141826923076923 0.32211538461538464 0.06009615384615385 0.13942307692307693
4 0.6947115384615384 0.328125 0.052884615384615384 0.10336538461538461
4 0.5841346153846154 0.15504807692307693 0.04807692307692308 0.10336538461538461
4 0.5192307692307693 0.24278846153846154 0.04807692307692308 0.10576923076923077
4 0.6201923076923077 0.5276442307692307 0.052884615384615384 0.11298076923076923
4 0.5540865384615384 0.6550480769230769 0.055288461538461536 0.11298076923076923
4 0.36177884615384615 0.43149038461538464 0.05048076923076923 0.0985576923076923
1 0.36658653846153844 0.5264423076923077 0.06009615384615385 0.14423076923076922
10 0.2704326923076923 0.14423076923076922 0.04567307692307692 0.10576923076923077
11 0.2764423076923077 0.19831730769230768 0.0625 0.17067307692307693
8 0.16346153846153846 0.38341346153846156 0.07692307692307693 0.19471153846153846
9 0.16466346153846154 0.5276442307692307 0.07932692307692307 0.14182692307692307
7 0.1814903846153846 0.12620192307692307 0.06971153846153846 0.13701923076923078
7 0.14783653846153846 0.6478365384615384 0.06971153846153846 0.14182692307692307
9 0.35697115384615385 0.3076923076923077 0.06490384615384616 0.1346153846153846
12 0.19230769230769232 0.0625 0.0673076923076923 0.125
10 0.41346153846153844 0.06009615384615385 0.04807692307692308 0.11057692307692307
10 0.421875 0.2283653846153846 0.05048076923076923 0.11057692307692307
10 0.25961538461538464 0.3173076923076923 0.052884615384615384 0.10576923076923077
10 0.2608173076923077 0.4206730769230769 0.06009615384615385 0.10576923076923077
10 0.25240384615384615 0.6514423076923077 0.0625 0.11538461538461539
10 0.4387019230769231 0.5456730769230769 0.05048076923076923 0.11057692307692307