2 0.20192307692307693 0.28846153846153844 0.08653846153846154 0.20192307692307693
5 0.4579326923076923 0.41346153846153844 0.06971153846153846 0.18269230769230768
1 0.328125 0.06850961538461539 0.06009615384615385 0.12259615384615384
6 0.24278846153846154 0.0673076923076923 0.057692307692307696 0.11538461538461539
6 0.11177884615384616 0.7896634615384616 0.08413461538461539 0.14182692307692307
4 0.22115384615384615 0.7872596153846154 0.0673076923076923 0.11778846153846154
3 0.33052884615384615 0.6526442307692307 0.07451923076923077 0.15625
3 0.37259615384615385 0.32572115384615385 0.0625 0.14182692307692307
4 0.29086538461538464 0.3317307692307692 0.052884615384615384 0.10576923076923077
4 0.4026442307692308 0.15625 0.05048076923076923 0.10576923076923077
4 0.46875 0.2439903846153846 0.04807692307692308 0.10817307692307693
4 0.36538461538461536 0.5348557692307693 0.052884615384615384 0.11298076923076923
4 0.43149038461538464 0.6658653846153846 0.055288461538461536 0.11538461538461539
4 0.6286057692307693 0.4362980769230769 0.05048076923076923 0.10336538461538461
1 0.625 0.5348557692307693 0.0625 0.1466346153846154
10 0.7199519230769231 0.14302884615384615 0.05048076923076923 0.10817307692307693
11 0.7139423076923077 0.19951923076923078 0.0625 0.17307692307692307
8 0.8293269230769231 0.3870192307692308 0.07692307692307693 0.1971153846153846
9 0.828125 0.5324519230769231 0.07932692307692307 0.14182692307692307
7 0.8125 0.125 0.07211538461538461 0.13942307692307693
7 0.8449519230769231 0.65625 0.06971153846153846 0.14423076923076922
9 0.6334134615384616 0.3088942307692308 0.06490384615384616 0.13701923076923078
12 0.8004807692307693 0.06370192307692307 0.0673076923076923 0.12259615384615384
10 0.5757211538461539 0.06009615384615385 0.05048076923076923 0.11057692307692307
10 0.5685096153846154 0.22956730769230768 0.05048076923076923 0.11298076923076923
10 0.7307692307692307 0.32091346153846156 0.052884615384615384 0.10817307692307693
10 0.7307692307692307 0.42427884615384615 0.057692307692307696 0.10817307692307693
10 0.7391826923076923 0.6598557692307693 0.06490384615384616 0.11778846153846154
10 0.5504807692307693 0.5504807692307693 0.052884615384615384 0.11057692307692307