9 0.2536057692307692 0.6478365384615384 0.07451923076923077 0.17067307692307693
2 0.8100961538461539 0.27884615384615385 0.08653846153846154 0.21634615384615385
6 0.5997596153846154 0.05889423076923077 0.06009615384615385 0.11778846153846154
1 0.5300480769230769 0.20552884615384615 0.06009615384615385 0.15625
4 0.43990384615384615 0.15264423076923078 0.052884615384615384 0.11298076923076923
4 0.7199519230769231 0.3269230769230769 0.05048076923076923 0.1201923076923077
4 0.6370192307692307 0.53125 0.057692307692307696 0.12980769230769232
4 0.5685096153846154 0.6658653846153846 0.06009615384615385 0.125
9 0.4735576923076923 0.6478365384615384 0.07692307692307693 0.1658653846153846
7 0.46033653846153844 0.4170673076923077 0.06490384615384616 0.1658653846153846
8 0.16826923076923078 0.28846153846153844 0.08173076923076923 0.22115384615384615
12 0.4543269230769231 0.057692307692307696 0.057692307692307696 0.11538461538461539
11 0.3605769230769231 0.12139423076923077 0.0625 0.18990384615384615
10 0.2848557692307692 0.14302884615384615 0.055288461538461536 0.11778846153846154
10 0.2692307692307692 0.328125 0.0625 0.11778846153846154
10 0.3629807692307692 0.3161057692307692 0.057692307692307696 0.12259615384615384
10 0.3713942307692308 0.5552884615384616 0.06009615384615385 0.1346153846153846