9 0.7848557692307693 0.640625 0.07451923076923077 0.1658653846153846
2 0.23677884615384615 0.296875 0.0889423076923077 0.2091346153846154
6 0.4326923076923077 0.06850961538461539 0.0625 0.13701923076923078
1 0.5036057692307693 0.21995192307692307 0.06490384615384616 0.15144230769230768
4 0.5913461538461539 0.16947115384615385 0.052884615384615384 0.10817307692307693
4 0.3245192307692308 0.34134615384615385 0.052884615384615384 0.11538461538461539
4 0.4110576923076923 0.5372596153846154 0.057692307692307696 0.12259615384615384
4 0.4795673076923077 0.6682692307692307 0.06009615384615385 0.1201923076923077
9 0.5721153846153846 0.6478365384615384 0.07692307692307693 0.16105769230769232
7 0.5769230769230769 0.4230769230769231 0.0673076923076923 0.15865384615384615
8 0.8569711538461539 0.2920673076923077 0.08413461538461539 0.21394230769230768
12 0.5733173076923077 0.06490384615384616 0.06009615384615385 0.12980769230769232
11 0.6670673076923077 0.13581730769230768 0.06490384615384616 0.18028846153846154
10 0.7415865384615384 0.15504807692307693 0.055288461538461536 0.11298076923076923
10 0.7608173076923077 0.3329326923076923 0.06490384615384616 0.11298076923076923
10 0.6694711538461539 0.3233173076923077 0.06009615384615385 0.11778846153846154
10 0.6682692307692307 0.5552884615384616 0.0625 0.12980769230769232