9 0.7463942307692307 0.6478365384615384 0.07451923076923077 0.17067307692307693
2 0.18990384615384615 0.27884615384615385 0.08653846153846154 0.21634615384615385
6 0.40024038461538464 0.05889423076923077 0.06009615384615385 0.11778846153846154
1 0.4699519230769231 0.20552884615384615 0.06009615384615385 0.15625
4 0.5600961538461539 0.15264423076923078 0.052884615384615384 0.11298076923076923
4 0.2800480769230769 0.3269230769230769 0.05048076923076923 0.1201923076923077
4 0.3629807692307692 0.53125 0.057692307692307696 0.12980769230769232
4 0.43149038461538464 0.6658653846153846 0.06009615384615385 0.125
9 0.5264423076923077 0.6478365384615384 0.07692307692307693 0.1658653846153846
7 0.5396634615384616 0.4170673076923077 0.06490384615384616 0.1658653846153846
8 0.8317307692307693 0.28846153846153844 0.08173076923076923 0.22115384615384615
12 0.5456730769230769 0.057692307692307696 0.057692307692307696 0.11538461538461539
11 0.6394230769230769 0.12139423076923077 0.0625 0.18990384615384615
10 0.7151442307692307 0.14302884615384615 0.055288461538461536 0.11778846153846154
10 0.7307692307692307 0.328125 0.0625 0.11778846153846154
10 0.6370192307692307 0.3161057692307692 0.057692307692307696 0.12259615384615384
10 0.6286057692307693 0.5552884615384616 0.06009615384615385 0.1346153846153846