9 0.7487980769230769 0.6598557692307693 0.07451923076923077 0.1658653846153846
2 0.22235576923076922 0.33052884615384615 0.0889423076923077 0.2091346153846154
6 0.43028846153846156 0.0985576923076923 0.0625 0.1346153846153846
1 0.49278846153846156 0.24759615384615385 0.0625 0.14903846153846154
4 0.5829326923076923 0.19471153846153846 0.055288461538461536 0.11057692307692307
4 0.30649038461538464 0.37259615384615385 0.05048076923076923 0.11538461538461539
4 0.38221153846153844 0.5649038461538461 0.057692307692307696 0.125
4 0.44591346153846156 0.6935096153846154 0.06009615384615385 0.12259615384615384
9 0.5372596153846154 0.671875 0.07451923076923077 0.16105769230769232
7 0.5540865384615384 0.4483173076923077 0.06490384615384616 0.16105769230769232
8 0.8413461538461539 0.3112980769230769 0.08173076923076923 0.21394230769230768
12 0.5709134615384616 0.09014423076923077 0.06009615384615385 0.13221153846153846
11 0.6586538461538461 0.15985576923076922 0.0625 0.18509615384615385
10 0.7319711538461539 0.17668269230769232 0.055288461538461536 0.11298076923076923
10 0.7415865384615384 0.3545673076923077 0.06490384615384616 0.11298076923076923
10 0.6502403846153846 0.34615384615384615 0.06009615384615385 0.1201923076923077
10 0.6370192307692307 0.5769230769230769 0.0625 0.12980769230769232