6 0.13701923076923078 0.7512019230769231 0.08173076923076923 0.14182692307692307
2 0.18028846153846154 0.4987980769230769 0.10096153846153846 0.20432692307692307
5 0.4014423076923077 0.2920673076923077 0.0673076923076923 0.18509615384615385
3 0.5649038461538461 0.3954326923076923 0.07211538461538461 0.14182692307692307
4 0.29447115384615385 0.40865384615384615 0.055288461538461536 0.11057692307692307
4 0.3233173076923077 0.22355769230769232 0.05048076923076923 0.11057692307692307
4 0.3701923076923077 0.5120192307692307 0.057692307692307696 0.1201923076923077
4 0.4855769230769231 0.30408653846153844 0.04807692307692308 0.11298076923076923
4 0.6514423076923077 0.057692307692307696 0.052884615384615384 0.10576923076923077
11 0.6454326923076923 0.28725961538461536 0.06490384615384616 0.18028846153846154
8 0.7415865384615384 0.36778846153846156 0.08413461538461539 0.20673076923076922
9 0.6454326923076923 0.49399038461538464 0.06490384615384616 0.15625
7 0.5564903846153846 0.6105769230769231 0.06971153846153846 0.15865384615384615
9 0.5 0.125 0.0625 0.14903846153846154
12 0.3425480769230769 0.7355769230769231 0.07932692307692307 0.15384615384615385
12 0.8137019230769231 0.05048076923076923 0.06009615384615385 0.09615384615384616
10 0.5709134615384616 0.3016826923076923 0.055288461538461536 0.10817307692307693
10 0.734375 0.04927884615384615 0.055288461538461536 0.09375
10 0.7271634615384616 0.20793269230769232 0.055288461538461536 0.10817307692307693
10 0.7391826923076923 0.6201923076923077 0.06490384615384616 0.1201923076923077