6 0.875 0.7776442307692307 0.07692307692307693 0.1466346153846154
2 0.8389423076923077 0.5204326923076923 0.09615384615384616 0.2091346153846154
5 0.6189903846153846 0.30528846153846156 0.06490384615384616 0.1875
3 0.45072115384615385 0.4074519230769231 0.06971153846153846 0.1466346153846154
4 0.7259615384615384 0.42788461538461536 0.052884615384615384 0.11538461538461539
4 0.7019230769230769 0.23798076923076922 0.04807692307692308 0.11538461538461539
4 0.6430288461538461 0.5288461538461539 0.055288461538461536 0.125
4 0.5336538461538461 0.3173076923076923 0.04326923076923077 0.11538461538461539
4 0.37259615384615385 0.06370192307692307 0.04807692307692308 0.10817307692307693
11 0.37259615384615385 0.296875 0.0625 0.18509615384615385
8 0.27283653846153844 0.375 0.07932692307692307 0.21153846153846154
9 0.3641826923076923 0.5072115384615384 0.06009615384615385 0.15865384615384615
7 0.453125 0.6274038461538461 0.06490384615384616 0.16346153846153846
9 0.5240384615384616 0.1346153846153846 0.057692307692307696 0.15384615384615385
12 0.6658653846153846 0.7596153846153846 0.07692307692307693 0.15865384615384615
12 0.20793269230769232 0.054086538461538464 0.06009615384615385 0.0985576923076923
10 0.44711538461538464 0.3125 0.052884615384615384 0.11057692307692307
10 0.28846153846153844 0.054086538461538464 0.052884615384615384 0.09375
10 0.29086538461538464 0.21514423076923078 0.052884615384615384 0.11298076923076923
10 0.265625 0.6322115384615384 0.06490384615384616 0.125