6 0.125 0.7776442307692307 0.07692307692307693 0.1466346153846154
2 0.16105769230769232 0.5204326923076923 0.09615384615384616 0.2091346153846154
5 0.38100961538461536 0.30528846153846156 0.06490384615384616 0.1875
3 0.5492788461538461 0.4074519230769231 0.06971153846153846 0.1466346153846154
4 0.27403846153846156 0.42788461538461536 0.052884615384615384 0.11538461538461539
4 0.2980769230769231 0.23798076923076922 0.04807692307692308 0.11538461538461539
4 0.35697115384615385 0.5288461538461539 0.055288461538461536 0.125
4 0.46634615384615385 0.3173076923076923 0.04326923076923077 0.11538461538461539
4 0.6274038461538461 0.06370192307692307 0.04807692307692308 0.10817307692307693
11 0.6274038461538461 0.296875 0.0625 0.18509615384615385
8 0.7271634615384616 0.375 0.07932692307692307 0.21153846153846154
9 0.6358173076923077 0.5072115384615384 0.06009615384615385 0.15865384615384615
7 0.546875 0.6274038461538461 0.06490384615384616 0.16346153846153846
9 0.47596153846153844 0.1346153846153846 0.057692307692307696 0.15384615384615385
12 0.33413461538461536 0.7596153846153846 0.07692307692307693 0.15865384615384615
12 0.7920673076923077 0.054086538461538464 0.06009615384615385 0.0985576923076923
10 0.5528846153846154 0.3125 0.052884615384615384 0.11057692307692307
10 0.7115384615384616 0.054086538461538464 0.052884615384615384 0.09375
10 0.7091346153846154 0.21514423076923078 0.052884615384615384 0.11298076923076923
10 0.734375 0.6322115384615384 0.06490384615384616 0.125