11 0.3485576923076923 0.14783653846153846 0.07692307692307693 0.18028846153846154
7 0.18629807692307693 0.14903846153846154 0.06490384615384616 0.13942307692307693
12 0.19831730769230768 0.09014423076923077 0.06490384615384616 0.12740384615384615
8 0.16706730769230768 0.30528846153846156 0.07932692307692307 0.20673076923076922
9 0.24158653846153846 0.7944711538461539 0.0889423076923077 0.1658653846153846
10 0.2764423076923077 0.1658653846153846 0.0625 0.1201923076923077
10 0.2620192307692308 0.33774038461538464 0.057692307692307696 0.11298076923076923
10 0.26322115384615385 0.43990384615384615 0.06009615384615385 0.1201923076923077
10 0.3629807692307692 0.5649038461538461 0.0625 0.11538461538461539
2 0.7740384615384616 0.2980769230769231 0.08653846153846154 0.20192307692307693
1 0.6021634615384616 0.1622596153846154 0.06009615384615385 0.14182692307692307
3 0.24759615384615385 0.640625 0.07692307692307693 0.1658653846153846
3 0.35336538461538464 0.4387019230769231 0.0673076923076923 0.1658653846153846
6 0.5745192307692307 0.078125 0.057692307692307696 0.12740384615384615
6 0.515625 0.34375 0.06490384615384616 0.1346153846153846
4 0.41947115384615385 0.18509615384615385 0.05048076923076923 0.11538461538461539
4 0.6887019230769231 0.34134615384615385 0.05048076923076923 0.11538461538461539
4 0.5516826923076923 0.6670673076923077 0.06009615384615385 0.12740384615384615
4 0.6105769230769231 0.5408653846153846 0.057692307692307696 0.125