11 0.3329326923076923 0.14423076923076922 0.07932692307692307 0.1875
7 0.1658653846153846 0.14423076923076922 0.0673076923076923 0.14423076923076922
12 0.1814903846153846 0.0829326923076923 0.06971153846153846 0.13221153846153846
8 0.14302884615384615 0.30528846153846156 0.08413461538461539 0.21153846153846154
9 0.20673076923076922 0.8100961538461539 0.09134615384615384 0.17307692307692307
10 0.25841346153846156 0.16105769230769232 0.06490384615384616 0.125
10 0.2403846153846154 0.3389423076923077 0.0625 0.11538461538461539
10 0.23798076923076922 0.44350961538461536 0.0625 0.12259615384615384
10 0.33774038461538464 0.5733173076923077 0.06490384615384616 0.11778846153846154
2 0.7692307692307693 0.2980769230769231 0.09134615384615384 0.20673076923076922
1 0.5949519230769231 0.15745192307692307 0.06490384615384616 0.1466346153846154
3 0.21875 0.6526442307692307 0.08173076923076923 0.17067307692307693
3 0.3317307692307692 0.4411057692307692 0.07211538461538461 0.17067307692307693
6 0.5673076923076923 0.0733173076923077 0.0625 0.13221153846153846
6 0.5012019230769231 0.3449519230769231 0.06971153846153846 0.14182692307692307
4 0.4050480769230769 0.1814903846153846 0.055288461538461536 0.11778846153846154
4 0.6802884615384616 0.34375 0.052884615384615384 0.1201923076923077
4 0.53125 0.6802884615384616 0.0625 0.12980769230769232
4 0.59375 0.5480769230769231 0.0625 0.12980769230769232