11 0.35697115384615385 0.11658653846153846 0.08413461538461539 0.18990384615384615
7 0.1875 0.11538461538461539 0.07211538461538461 0.14423076923076922
12 0.19951923076923078 0.06009615384615385 0.07211538461538461 0.1201923076923077
8 0.17427884615384615 0.2776442307692308 0.0889423076923077 0.21394230769230768
9 0.2644230769230769 0.7896634615384616 0.09615384615384616 0.17548076923076922
10 0.2824519230769231 0.13341346153846154 0.06490384615384616 0.12740384615384615
10 0.27403846153846156 0.3137019230769231 0.0625 0.11778846153846154
10 0.27884615384615385 0.41947115384615385 0.0673076923076923 0.12259615384615384
10 0.38461538461538464 0.5504807692307693 0.0673076923076923 0.1201923076923077
2 0.8076923076923077 0.2776442307692308 0.09615384615384616 0.2091346153846154
1 0.6225961538461539 0.13221153846153846 0.0673076923076923 0.14903846153846154
3 0.26802884615384615 0.6274038461538461 0.08413461538461539 0.17307692307692307
3 0.37259615384615385 0.4182692307692308 0.07692307692307693 0.17307692307692307
6 0.5913461538461539 0.057692307692307696 0.0673076923076923 0.11538461538461539
6 0.5384615384615384 0.32091346153846156 0.07211538461538461 0.14182692307692307
4 0.43028846153846156 0.15625 0.057692307692307696 0.1201923076923077
4 0.7175480769230769 0.32211538461538464 0.055288461538461536 0.1201923076923077
4 0.5865384615384616 0.6598557692307693 0.0673076923076923 0.13221153846153846
4 0.6430288461538461 0.5276442307692307 0.06490384615384616 0.13221153846153846