9 0.25 0.8497596153846154 0.10096153846153846 0.17548076923076922
7 0.45552884615384615 0.46634615384615385 0.07451923076923077 0.17307692307692307
11 0.3485576923076923 0.15985576923076922 0.07211538461538461 0.19951923076923078
8 0.15625 0.32091346153846156 0.09134615384615384 0.24278846153846154
12 0.18028846153846154 0.09134615384615384 0.07211538461538461 0.14423076923076922
10 0.2692307692307692 0.18269230769230768 0.0625 0.1201923076923077
10 0.2536057692307692 0.36177884615384615 0.06490384615384616 0.11778846153846154
10 0.26322115384615385 0.4675480769230769 0.06971153846153846 0.12259615384615384
10 0.36778846153846156 0.6009615384615384 0.07211538461538461 0.1346153846153846
2 0.8052884615384616 0.33413461538461536 0.10096153846153846 0.23557692307692307
6 0.5877403846153846 0.10216346153846154 0.06009615384615385 0.13701923076923078
6 0.3581730769230769 0.3701923076923077 0.07211538461538461 0.14903846153846154
3 0.35697115384615385 0.47115384615384615 0.07932692307692307 0.16346153846153846
3 0.25240384615384615 0.6887019230769231 0.07692307692307693 0.17548076923076922
1 0.5228365384615384 0.2608173076923077 0.06971153846153846 0.17067307692307693
4 0.4230769230769231 0.1971153846153846 0.057692307692307696 0.1201923076923077
4 0.7175480769230769 0.3798076923076923 0.06009615384615385 0.11538461538461539
4 0.640625 0.5901442307692307 0.06490384615384616 0.13221153846153846
4 0.5769230769230769 0.7259615384615384 0.0673076923076923 0.12980769230769232