9 0.7415865384615384 0.7800480769230769 0.0985576923076923 0.17067307692307693
7 0.5444711538461539 0.39783653846153844 0.07451923076923077 0.1658653846153846
11 0.6514423076923077 0.10817307692307693 0.07211538461538461 0.19230769230769232
8 0.8341346153846154 0.27403846153846156 0.09134615384615384 0.23557692307692307
12 0.8100961538461539 0.0625 0.07211538461538461 0.125
10 0.7259615384615384 0.13581730769230768 0.057692307692307696 0.11778846153846154
10 0.7403846153846154 0.31009615384615385 0.0625 0.11538461538461539
10 0.7307692307692307 0.41225961538461536 0.0673076923076923 0.11778846153846154
10 0.6286057692307693 0.5336538461538461 0.06971153846153846 0.12980769230769232
2 0.20673076923076922 0.24759615384615385 0.10096153846153846 0.22596153846153846
6 0.4170673076923077 0.052884615384615384 0.06009615384615385 0.10576923076923077
6 0.6382211538461539 0.3112980769230769 0.06971153846153846 0.1466346153846154
3 0.640625 0.40865384615384615 0.07451923076923077 0.15865384615384615
3 0.7391826923076923 0.6262019230769231 0.07451923076923077 0.17067307692307693
1 0.4795673076923077 0.19471153846153846 0.06971153846153846 0.16346153846153846
4 0.5769230769230769 0.13942307692307693 0.057692307692307696 0.11538461538461539
4 0.29086538461538464 0.2980769230769231 0.057692307692307696 0.11057692307692307
4 0.36538461538461536 0.5060096153846154 0.0625 0.12740384615384615
4 0.4266826923076923 0.6430288461538461 0.06490384615384616 0.12259615384615384