5 0.8137019230769231 0.2776442307692308 0.07932692307692307 0.17548076923076922
2 0.8221153846153846 0.3545673076923077 0.08173076923076923 0.20432692307692307
1 0.7920673076923077 0.18990384615384615 0.055288461538461536 0.13942307692307693
1 0.8377403846153846 0.49278846153846156 0.06490384615384616 0.13942307692307693
3 0.7752403846153846 0.10697115384615384 0.06009615384615385 0.12740384615384615
3 0.8617788461538461 0.6165865384615384 0.07932692307692307 0.13221153846153846
6 0.7716346153846154 0.04567307692307692 0.052884615384615384 0.08653846153846154
6 0.8762019230769231 0.7451923076923077 0.07451923076923077 0.1346153846153846
4 0.7680288461538461 0.75 0.055288461538461536 0.11057692307692307
4 0.7512019230769231 0.6201923076923077 0.055288461538461536 0.10576923076923077
4 0.7391826923076923 0.5084134615384616 0.055288461538461536 0.10336538461538461
4 0.7259615384615384 0.3954326923076923 0.04807692307692308 0.10336538461538461
4 0.7103365384615384 0.2920673076923077 0.04567307692307692 0.10336538461538461
4 0.6971153846153846 0.20673076923076922 0.04807692307692308 0.10096153846153846
4 0.6899038461538461 0.11899038461538461 0.04326923076923077 0.0985576923076923
4 0.6838942307692307 0.042067307692307696 0.040865384615384616 0.07451923076923077
11 0.17908653846153846 0.26802884615384615 0.06971153846153846 0.18028846153846154
8 0.16105769230769232 0.36177884615384615 0.07211538461538461 0.2091346153846154
7 0.1814903846153846 0.18990384615384615 0.055288461538461536 0.13942307692307693
7 0.1466346153846154 0.49759615384615385 0.0625 0.14903846153846154
9 0.18870192307692307 0.109375 0.06009615384615385 0.13221153846153846
9 0.14423076923076922 0.6382211538461539 0.07211538461538461 0.14182692307692307
12 0.20072115384615385 0.05048076923076923 0.055288461538461536 0.07211538461538461
12 0.125 0.7728365384615384 0.07692307692307693 0.1466346153846154
10 0.27884615384615385 0.04567307692307692 0.04807692307692308 0.0673076923076923
10 0.2764423076923077 0.11899038461538461 0.04807692307692308 0.0985576923076923
10 0.2764423076923077 0.21033653846153846 0.04807692307692308 0.10336538461538461
10 0.27163461538461536 0.2980769230769231 0.052884615384615384 0.10576923076923077
10 0.2692307692307692 0.40865384615384615 0.057692307692307696 0.11057692307692307
10 0.25961538461538464 0.5180288461538461 0.057692307692307696 0.10817307692307693
10 0.25841346153846156 0.6274038461538461 0.055288461538461536 0.11538461538461539
10 0.24879807692307693 0.7572115384615384 0.055288461538461536 0.1201923076923077