5 0.18629807692307693 0.2776442307692308 0.07932692307692307 0.17548076923076922
2 0.1778846153846154 0.3545673076923077 0.08173076923076923 0.20432692307692307
1 0.20793269230769232 0.18990384615384615 0.055288461538461536 0.13942307692307693
1 0.1622596153846154 0.49278846153846156 0.06490384615384616 0.13942307692307693
3 0.2247596153846154 0.10697115384615384 0.06009615384615385 0.12740384615384615
3 0.13822115384615385 0.6165865384615384 0.07932692307692307 0.13221153846153846
6 0.2283653846153846 0.04567307692307692 0.052884615384615384 0.08653846153846154
6 0.12379807692307693 0.7451923076923077 0.07451923076923077 0.1346153846153846
4 0.23197115384615385 0.75 0.055288461538461536 0.11057692307692307
4 0.24879807692307693 0.6201923076923077 0.055288461538461536 0.10576923076923077
4 0.2608173076923077 0.5084134615384616 0.055288461538461536 0.10336538461538461
4 0.27403846153846156 0.3954326923076923 0.04807692307692308 0.10336538461538461
4 0.28966346153846156 0.2920673076923077 0.04567307692307692 0.10336538461538461
4 0.30288461538461536 0.20673076923076922 0.04807692307692308 0.10096153846153846
4 0.31009615384615385 0.11899038461538461 0.04326923076923077 0.0985576923076923
4 0.3161057692307692 0.042067307692307696 0.040865384615384616 0.07451923076923077
11 0.8209134615384616 0.26802884615384615 0.06971153846153846 0.18028846153846154
8 0.8389423076923077 0.36177884615384615 0.07211538461538461 0.2091346153846154
7 0.8185096153846154 0.18990384615384615 0.055288461538461536 0.13942307692307693
7 0.8533653846153846 0.49759615384615385 0.0625 0.14903846153846154
9 0.8112980769230769 0.109375 0.06009615384615385 0.13221153846153846
9 0.8557692307692307 0.6382211538461539 0.07211538461538461 0.14182692307692307
12 0.7992788461538461 0.05048076923076923 0.055288461538461536 0.07211538461538461
12 0.875 0.7728365384615384 0.07692307692307693 0.1466346153846154
10 0.7211538461538461 0.04567307692307692 0.04807692307692308 0.0673076923076923
10 0.7235576923076923 0.11899038461538461 0.04807692307692308 0.0985576923076923
10 0.7235576923076923 0.21033653846153846 0.04807692307692308 0.10336538461538461
10 0.7283653846153846 0.2980769230769231 0.052884615384615384 0.10576923076923077
10 0.7307692307692307 0.40865384615384615 0.057692307692307696 0.11057692307692307
10 0.7403846153846154 0.5180288461538461 0.057692307692307696 0.10817307692307693
10 0.7415865384615384 0.6274038461538461 0.055288461538461536 0.11538461538461539
10 0.7512019230769231 0.7572115384615384 0.055288461538461536 0.1201923076923077