11 0.6911057692307693 0.10336538461538461 0.07932692307692307 0.19230769230769232
12 0.8473557692307693 0.05889423076923077 0.07451923076923077 0.11778846153846154
7 0.8569711538461539 0.10817307692307693 0.06971153846153846 0.15384615384615385
8 0.8762019230769231 0.27524038461538464 0.08413461538461539 0.21875
9 0.7860576923076923 0.7884615384615384 0.09134615384615384 0.17307692307692307
10 0.765625 0.12259615384615384 0.06009615384615385 0.11538461538461539
10 0.7776442307692307 0.3076923076923077 0.06009615384615385 0.11538461538461539
10 0.7740384615384616 0.41225961538461536 0.0673076923076923 0.11778846153846154
10 0.6634615384615384 0.546875 0.0673076923076923 0.12259615384615384
2 0.23076923076923078 0.2644230769230769 0.09615384615384616 0.21634615384615385
6 0.44711538461538464 0.051682692307692304 0.0673076923076923 0.10336538461538461
1 0.515625 0.19230769230769232 0.06971153846153846 0.16346153846153846
6 0.5084134615384616 0.3125 0.06971153846153846 0.1346153846153846
3 0.6754807692307693 0.4074519230769231 0.08173076923076923 0.17067307692307693
3 0.7884615384615384 0.6298076923076923 0.08173076923076923 0.16826923076923078
4 0.6117788461538461 0.13581730769230768 0.055288461538461536 0.11778846153846154
4 0.46634615384615385 0.6550480769230769 0.0625 0.12259615384615384
4 0.32211538461538464 0.31009615384615385 0.057692307692307696 0.1201923076923077
4 0.39783653846153844 0.5216346153846154 0.06009615384615385 0.1201923076923077