11 0.6526442307692307 0.12620192307692307 0.07451923076923077 0.18990384615384615
12 0.8028846153846154 0.07091346153846154 0.0673076923076923 0.13701923076923078
7 0.8149038461538461 0.13221153846153846 0.0673076923076923 0.15384615384615385
8 0.8389423076923077 0.2980769230769231 0.08173076923076923 0.21634615384615385
9 0.7692307692307693 0.8004807692307693 0.09134615384615384 0.17307692307692307
10 0.7259615384615384 0.14543269230769232 0.057692307692307696 0.11778846153846154
10 0.7439903846153846 0.328125 0.055288461538461536 0.11298076923076923
10 0.7427884615384616 0.43149038461538464 0.0673076923076923 0.11778846153846154
10 0.640625 0.5612980769230769 0.06490384615384616 0.12259615384615384
2 0.20432692307692307 0.27524038461538464 0.09134615384615384 0.21394230769230768
6 0.4098557692307692 0.06009615384615385 0.06490384615384616 0.1201923076923077
1 0.48197115384615385 0.2091346153846154 0.06490384615384616 0.16346153846153846
6 0.47836538461538464 0.3293269230769231 0.0673076923076923 0.1346153846153846
3 0.6466346153846154 0.4230769230769231 0.07692307692307693 0.16826923076923078
3 0.7644230769230769 0.6454326923076923 0.07692307692307693 0.1658653846153846
4 0.5721153846153846 0.15504807692307693 0.052884615384615384 0.11778846153846154
4 0.4495192307692308 0.6646634615384616 0.0625 0.12259615384615384
4 0.2956730769230769 0.32211538461538464 0.057692307692307696 0.1201923076923077
4 0.37740384615384615 0.53125 0.057692307692307696 0.1201923076923077