11 0.6358173076923077 0.16346153846153846 0.07932692307692307 0.1971153846153846
12 0.7932692307692307 0.109375 0.07211538461538461 0.14182692307692307
7 0.8016826923076923 0.17067307692307693 0.06971153846153846 0.15865384615384615
8 0.8233173076923077 0.3401442307692308 0.08413461538461539 0.22355769230769232
9 0.7355769230769231 0.8581730769230769 0.09134615384615384 0.1778846153846154
10 0.7127403846153846 0.18269230769230768 0.06009615384615385 0.1201923076923077
10 0.7247596153846154 0.3713942307692308 0.06009615384615385 0.11778846153846154
10 0.7223557692307693 0.47836538461538464 0.06971153846153846 0.1201923076923077
10 0.6105769230769231 0.6129807692307693 0.0673076923076923 0.125
2 0.17067307692307693 0.31850961538461536 0.09615384615384616 0.21875
6 0.3894230769230769 0.08774038461538461 0.0673076923076923 0.14182692307692307
1 0.4579326923076923 0.25 0.06971153846153846 0.16826923076923078
6 0.45072115384615385 0.3737980769230769 0.06971153846153846 0.13701923076923078
3 0.6225961538461539 0.4699519230769231 0.08173076923076923 0.17548076923076922
3 0.7367788461538461 0.6983173076923077 0.07932692307692307 0.17067307692307693
4 0.5540865384615384 0.19591346153846154 0.055288461538461536 0.12259615384615384
4 0.41225961538461536 0.71875 0.06490384615384616 0.125
4 0.26322115384615385 0.36538461538461536 0.06009615384615385 0.1201923076923077
4 0.34134615384615385 0.5829326923076923 0.0625 0.12259615384615384