12 0.4170673076923077 0.2247596153846154 0.06490384615384616 0.13701923076923078
8 0.3269230769230769 0.39302884615384615 0.08173076923076923 0.21394230769230768
10 0.40625 0.3173076923076923 0.057692307692307696 0.1201923076923077
10 0.3269230769230769 0.1466346153846154 0.057692307692307696 0.11538461538461539
10 0.23557692307692307 0.06009615384615385 0.057692307692307696 0.10096153846153846
10 0.22956730769230768 0.671875 0.06490384615384616 0.12259615384615384
2 0.6586538461538461 0.7451923076923077 0.09134615384615384 0.22115384615384615
6 0.8581730769230769 0.78125 0.08653846153846154 0.14903846153846154
5 0.5829326923076923 0.2980769230769231 0.06971153846153846 0.19230769230769232
4 0.6694711538461539 0.22235576923076922 0.04567307692307692 0.11298076923076923
4 0.4987980769230769 0.3125 0.05048076923076923 0.11057692307692307
4 0.6189903846153846 0.5336538461538461 0.06009615384615385 0.1201923076923077