12 0.4362980769230769 0.23798076923076922 0.06009615384615385 0.12980769230769232
8 0.3473557692307692 0.39302884615384615 0.07451923076923077 0.20432692307692307
10 0.4230769230769231 0.3233173076923077 0.052884615384615384 0.11298076923076923
10 0.35216346153846156 0.16105769230769232 0.055288461538461536 0.11057692307692307
10 0.2692307692307692 0.0673076923076923 0.052884615384615384 0.10576923076923077
10 0.24639423076923078 0.6514423076923077 0.06009615384615385 0.11538461538461539
2 0.6478365384615384 0.7379807692307693 0.08413461538461539 0.21153846153846154
6 0.8377403846153846 0.7800480769230769 0.07932692307692307 0.14182692307692307
5 0.5901442307692307 0.3125 0.06490384615384616 0.18269230769230768
4 0.6742788461538461 0.24519230769230768 0.04567307692307692 0.10576923076923077
4 0.5096153846153846 0.3233173076923077 0.04807692307692308 0.10817307692307693
4 0.6165865384615384 0.5360576923076923 0.055288461538461536 0.11538461538461539