12 0.5637019230769231 0.23798076923076922 0.06009615384615385 0.12980769230769232
8 0.6526442307692307 0.39302884615384615 0.07451923076923077 0.20432692307692307
10 0.5769230769230769 0.3233173076923077 0.052884615384615384 0.11298076923076923
10 0.6478365384615384 0.16105769230769232 0.055288461538461536 0.11057692307692307
10 0.7307692307692307 0.0673076923076923 0.052884615384615384 0.10576923076923077
10 0.7536057692307693 0.6514423076923077 0.06009615384615385 0.11538461538461539
2 0.35216346153846156 0.7379807692307693 0.08413461538461539 0.21153846153846154
6 0.1622596153846154 0.7800480769230769 0.07932692307692307 0.14182692307692307
5 0.4098557692307692 0.3125 0.06490384615384616 0.18269230769230768
4 0.32572115384615385 0.24519230769230768 0.04567307692307692 0.10576923076923077
4 0.49038461538461536 0.3233173076923077 0.04807692307692308 0.10817307692307693
4 0.38341346153846156 0.5360576923076923 0.055288461538461536 0.11538461538461539