12 0.5588942307692307 0.2536057692307692 0.06490384615384616 0.13701923076923078
8 0.65625 0.4206730769230769 0.08653846153846154 0.21634615384615385
10 0.5733173076923077 0.3449519230769231 0.06009615384615385 0.11778846153846154
10 0.6454326923076923 0.171875 0.06009615384615385 0.11778846153846154
10 0.7331730769230769 0.0733173076923077 0.057692307692307696 0.11298076923076923
10 0.7668269230769231 0.6983173076923077 0.0673076923076923 0.12259615384615384
2 0.3401442307692308 0.7836538461538461 0.09375 0.22596153846153846
6 0.140625 0.8269230769230769 0.0889423076923077 0.14903846153846154
5 0.3954326923076923 0.33052884615384615 0.07451923076923077 0.19471153846153846
4 0.30408653846153844 0.25841346153846156 0.05048076923076923 0.11298076923076923
4 0.4807692307692308 0.3425480769230769 0.052884615384615384 0.11298076923076923
4 0.3713942307692308 0.5697115384615384 0.06009615384615385 0.1201923076923077