2 0.8088942307692307 0.2644230769230769 0.07932692307692307 0.20192307692307693
5 0.8317307692307693 0.375 0.08173076923076923 0.1778846153846154
3 0.8533653846153846 0.5192307692307693 0.07692307692307693 0.1346153846153846
3 0.8076923076923077 0.20673076923076922 0.0673076923076923 0.12980769230769232
1 0.8605769230769231 0.6418269230769231 0.07211538461538461 0.14903846153846154
1 0.7824519230769231 0.109375 0.055288461538461536 0.1466346153846154
6 0.7680288461538461 0.04807692307692308 0.06009615384615385 0.09615384615384616
6 0.8846153846153846 0.7800480769230769 0.08653846153846154 0.14182692307692307
4 0.7740384615384616 0.7788461538461539 0.0625 0.11538461538461539
4 0.7548076923076923 0.6286057692307693 0.057692307692307696 0.11778846153846154
4 0.7319711538461539 0.5216346153846154 0.055288461538461536 0.11057692307692307
4 0.7295673076923077 0.40024038461538464 0.055288461538461536 0.10817307692307693
4 0.7127403846153846 0.3088942307692308 0.06009615384615385 0.10817307692307693
4 0.7115384615384616 0.22956730769230768 0.052884615384615384 0.10817307692307693
4 0.6899038461538461 0.13221153846153846 0.052884615384615384 0.10576923076923077
4 0.6911057692307693 0.046875 0.04567307692307692 0.09375
11 0.18028846153846154 0.2776442307692308 0.07692307692307693 0.18509615384615385
8 0.1622596153846154 0.3629807692307692 0.08413461538461539 0.20673076923076922
9 0.17548076923076922 0.19110576923076922 0.0673076923076923 0.13221153846153846
9 0.15625 0.5072115384615384 0.08653846153846154 0.14903846153846154
7 0.1935096153846154 0.08653846153846154 0.06490384615384616 0.15384615384615385
7 0.13581730769230768 0.6322115384615384 0.07451923076923077 0.15384615384615385
12 0.20432692307692307 0.046875 0.0625 0.09375
12 0.12620192307692307 0.7860576923076923 0.08413461538461539 0.14903846153846154
10 0.2800480769230769 0.042067307692307696 0.055288461538461536 0.08413461538461539
10 0.2860576923076923 0.11298076923076923 0.052884615384615384 0.11057692307692307
10 0.27163461538461536 0.20432692307692307 0.057692307692307696 0.11057692307692307
10 0.2668269230769231 0.2932692307692308 0.057692307692307696 0.11057692307692307
10 0.2668269230769231 0.39663461538461536 0.0625 0.1201923076923077
10 0.23798076923076922 0.7848557692307693 0.0673076923076923 0.11778846153846154
10 0.24639423076923078 0.6370192307692307 0.06490384615384616 0.125
10 0.44591346153846156 0.5276442307692307 0.06009615384615385 0.12259615384615384