2 0.7992788461538461 0.3125 0.07932692307692307 0.1971153846153846
5 0.8233173076923077 0.41947115384615385 0.07932692307692307 0.17548076923076922
3 0.8497596153846154 0.5600961538461539 0.07451923076923077 0.12980769230769232
3 0.7956730769230769 0.2548076923076923 0.0673076923076923 0.125
1 0.8617788461538461 0.6790865384615384 0.06971153846153846 0.1466346153846154
1 0.7668269230769231 0.15985576923076922 0.052884615384615384 0.14182692307692307
6 0.75 0.08413461538461539 0.057692307692307696 0.1201923076923077
6 0.8882211538461539 0.8149038461538461 0.08413461538461539 0.13942307692307693
4 0.7800480769230769 0.8149038461538461 0.06009615384615385 0.11538461538461539
4 0.7572115384615384 0.6682692307692307 0.057692307692307696 0.11538461538461539
4 0.7307692307692307 0.5637019230769231 0.052884615384615384 0.10817307692307693
4 0.7259615384615384 0.44350961538461536 0.052884615384615384 0.10336538461538461
4 0.7043269230769231 0.3557692307692308 0.057692307692307696 0.10576923076923077
4 0.7019230769230769 0.2764423076923077 0.052884615384615384 0.10576923076923077
4 0.6766826923076923 0.1814903846153846 0.05048076923076923 0.10336538461538461
4 0.6742788461538461 0.09134615384615384 0.04567307692307692 0.10576923076923077
11 0.18389423076923078 0.328125 0.07451923076923077 0.18028846153846154
8 0.16826923076923078 0.4110576923076923 0.08173076923076923 0.20192307692307693
9 0.17668269230769232 0.2439903846153846 0.06490384615384616 0.12740384615384615
9 0.16826923076923078 0.5516826923076923 0.08173076923076923 0.14182692307692307
7 0.18990384615384615 0.14182692307692307 0.0625 0.14903846153846154
7 0.15264423076923078 0.6754807692307693 0.07451923076923077 0.14903846153846154
12 0.19951923076923078 0.0829326923076923 0.0625 0.12259615384615384
12 0.14903846153846154 0.8257211538461539 0.08173076923076923 0.1466346153846154
10 0.27283653846153844 0.08533653846153846 0.05048076923076923 0.10336538461538461
10 0.28125 0.1658653846153846 0.052884615384615384 0.11057692307692307
10 0.2704326923076923 0.25600961538461536 0.055288461538461536 0.10817307692307693
10 0.2692307692307692 0.34375 0.057692307692307696 0.10576923076923077
10 0.27283653846153844 0.44471153846153844 0.06009615384615385 0.11538461538461539
10 0.25841346153846156 0.8233173076923077 0.06490384615384616 0.11298076923076923
10 0.2608173076923077 0.6802884615384616 0.06490384615384616 0.1201923076923077
10 0.4519230769230769 0.5709134615384616 0.057692307692307696 0.11778846153846154