2 0.20072115384615385 0.3125 0.07932692307692307 0.1971153846153846
5 0.17668269230769232 0.41947115384615385 0.07932692307692307 0.17548076923076922
3 0.1502403846153846 0.5600961538461539 0.07451923076923077 0.12980769230769232
3 0.20432692307692307 0.2548076923076923 0.0673076923076923 0.125
1 0.13822115384615385 0.6790865384615384 0.06971153846153846 0.1466346153846154
1 0.23317307692307693 0.15985576923076922 0.052884615384615384 0.14182692307692307
6 0.25 0.08413461538461539 0.057692307692307696 0.1201923076923077
6 0.11177884615384616 0.8149038461538461 0.08413461538461539 0.13942307692307693
4 0.21995192307692307 0.8149038461538461 0.06009615384615385 0.11538461538461539
4 0.24278846153846154 0.6682692307692307 0.057692307692307696 0.11538461538461539
4 0.2692307692307692 0.5637019230769231 0.052884615384615384 0.10817307692307693
4 0.27403846153846156 0.44350961538461536 0.052884615384615384 0.10336538461538461
4 0.2956730769230769 0.3557692307692308 0.057692307692307696 0.10576923076923077
4 0.2980769230769231 0.2764423076923077 0.052884615384615384 0.10576923076923077
4 0.3233173076923077 0.1814903846153846 0.05048076923076923 0.10336538461538461
4 0.32572115384615385 0.09134615384615384 0.04567307692307692 0.10576923076923077
11 0.8161057692307693 0.328125 0.07451923076923077 0.18028846153846154
8 0.8317307692307693 0.4110576923076923 0.08173076923076923 0.20192307692307693
9 0.8233173076923077 0.2439903846153846 0.06490384615384616 0.12740384615384615
9 0.8317307692307693 0.5516826923076923 0.08173076923076923 0.14182692307692307
7 0.8100961538461539 0.14182692307692307 0.0625 0.14903846153846154
7 0.8473557692307693 0.6754807692307693 0.07451923076923077 0.14903846153846154
12 0.8004807692307693 0.0829326923076923 0.0625 0.12259615384615384
12 0.8509615384615384 0.8257211538461539 0.08173076923076923 0.1466346153846154
10 0.7271634615384616 0.08533653846153846 0.05048076923076923 0.10336538461538461
10 0.71875 0.1658653846153846 0.052884615384615384 0.11057692307692307
10 0.7295673076923077 0.25600961538461536 0.055288461538461536 0.10817307692307693
10 0.7307692307692307 0.34375 0.057692307692307696 0.10576923076923077
10 0.7271634615384616 0.44471153846153844 0.06009615384615385 0.11538461538461539
10 0.7415865384615384 0.8233173076923077 0.06490384615384616 0.11298076923076923
10 0.7391826923076923 0.6802884615384616 0.06490384615384616 0.1201923076923077
10 0.5480769230769231 0.5709134615384616 0.057692307692307696 0.11778846153846154