2 0.234375 0.296875 0.07932692307692307 0.19471153846153846
5 0.21514423076923078 0.4014423076923077 0.07932692307692307 0.17307692307692307
3 0.1935096153846154 0.5396634615384616 0.07451923076923077 0.12740384615384615
3 0.23557692307692307 0.2403846153846154 0.0673076923076923 0.125
1 0.1875 0.65625 0.07211538461538461 0.14423076923076922
1 0.25961538461538464 0.14783653846153846 0.052884615384615384 0.14182692307692307
6 0.27163461538461536 0.07572115384615384 0.057692307692307696 0.11778846153846154
6 0.16466346153846154 0.7896634615384616 0.08413461538461539 0.13701923076923078
4 0.27283653846153844 0.7908653846153846 0.06009615384615385 0.11057692307692307
4 0.28846153846153844 0.6490384615384616 0.057692307692307696 0.11057692307692307
4 0.3112980769230769 0.546875 0.055288461538461536 0.10336538461538461
4 0.3112980769230769 0.42908653846153844 0.05048076923076923 0.10336538461538461
4 0.328125 0.34134615384615385 0.06009615384615385 0.10576923076923077
4 0.328125 0.2644230769230769 0.05048076923076923 0.10576923076923077
4 0.34975961538461536 0.17307692307692307 0.05048076923076923 0.10096153846153846
4 0.3485576923076923 0.0829326923076923 0.04326923076923077 0.10336538461538461
11 0.8389423076923077 0.33052884615384615 0.07211538461538461 0.18028846153846154
8 0.8581730769230769 0.41225961538461536 0.08173076923076923 0.19951923076923078
9 0.8449519230769231 0.24759615384615385 0.06490384615384616 0.125
9 0.8653846153846154 0.5516826923076923 0.08173076923076923 0.14182692307692307
7 0.828125 0.14543269230769232 0.06490384615384616 0.1466346153846154
7 0.8858173076923077 0.6742788461538461 0.07451923076923077 0.1466346153846154
12 0.8161057692307693 0.09014423076923077 0.06009615384615385 0.11778846153846154
12 0.8942307692307693 0.8209134615384616 0.08173076923076923 0.14182692307692307
10 0.7427884615384616 0.0889423076923077 0.052884615384615384 0.10096153846153846
10 0.7367788461538461 0.16826923076923078 0.05048076923076923 0.10576923076923077
10 0.7524038461538461 0.25600961538461536 0.052884615384615384 0.10817307692307693
10 0.7560096153846154 0.34375 0.055288461538461536 0.10576923076923077
10 0.7584134615384616 0.4411057692307692 0.06009615384615385 0.11298076923076923
10 0.7872596153846154 0.8161057692307693 0.06490384615384616 0.11298076923076923
10 0.7788461538461539 0.6754807692307693 0.0625 0.1201923076923077
10 0.5853365384615384 0.5625 0.055288461538461536 0.11538461538461539