2 0.19110576923076922 0.2644230769230769 0.07932692307692307 0.20192307692307693
5 0.16826923076923078 0.375 0.08173076923076923 0.1778846153846154
3 0.1466346153846154 0.5192307692307693 0.07692307692307693 0.1346153846153846
3 0.19230769230769232 0.20673076923076922 0.0673076923076923 0.12980769230769232
1 0.13942307692307693 0.6418269230769231 0.07211538461538461 0.14903846153846154
1 0.21754807692307693 0.109375 0.055288461538461536 0.1466346153846154
6 0.23197115384615385 0.04807692307692308 0.06009615384615385 0.09615384615384616
6 0.11538461538461539 0.7800480769230769 0.08653846153846154 0.14182692307692307
4 0.22596153846153846 0.7788461538461539 0.0625 0.11538461538461539
4 0.24519230769230768 0.6286057692307693 0.057692307692307696 0.11778846153846154
4 0.26802884615384615 0.5216346153846154 0.055288461538461536 0.11057692307692307
4 0.2704326923076923 0.40024038461538464 0.055288461538461536 0.10817307692307693
4 0.28725961538461536 0.3088942307692308 0.06009615384615385 0.10817307692307693
4 0.28846153846153844 0.22956730769230768 0.052884615384615384 0.10817307692307693
4 0.31009615384615385 0.13221153846153846 0.052884615384615384 0.10576923076923077
4 0.3088942307692308 0.046875 0.04567307692307692 0.09375
11 0.8197115384615384 0.2776442307692308 0.07692307692307693 0.18509615384615385
8 0.8377403846153846 0.3629807692307692 0.08413461538461539 0.20673076923076922
9 0.8245192307692307 0.19110576923076922 0.0673076923076923 0.13221153846153846
9 0.84375 0.5072115384615384 0.08653846153846154 0.14903846153846154
7 0.8064903846153846 0.08653846153846154 0.06490384615384616 0.15384615384615385
7 0.8641826923076923 0.6322115384615384 0.07451923076923077 0.15384615384615385
12 0.7956730769230769 0.046875 0.0625 0.09375
12 0.8737980769230769 0.7860576923076923 0.08413461538461539 0.14903846153846154
10 0.7199519230769231 0.042067307692307696 0.055288461538461536 0.08413461538461539
10 0.7139423076923077 0.11298076923076923 0.052884615384615384 0.11057692307692307
10 0.7283653846153846 0.20432692307692307 0.057692307692307696 0.11057692307692307
10 0.7331730769230769 0.2932692307692308 0.057692307692307696 0.11057692307692307
10 0.7331730769230769 0.39663461538461536 0.0625 0.1201923076923077
10 0.7620192307692307 0.7848557692307693 0.0673076923076923 0.11778846153846154
10 0.7536057692307693 0.6370192307692307 0.06490384615384616 0.125
10 0.5540865384615384 0.5276442307692307 0.06009615384615385 0.12259615384615384