6 0.140625 0.7848557692307693 0.07932692307692307 0.13701923076923078
2 0.22355769230769232 0.2980769230769231 0.07692307692307693 0.20673076923076922
6 0.2608173076923077 0.0829326923076923 0.055288461538461536 0.12259615384615384
5 0.47596153846153844 0.42427884615384615 0.0625 0.18028846153846154
3 0.3545673076923077 0.6586538461538461 0.06490384615384616 0.14903846153846154
3 0.39783653846153844 0.33413461538461536 0.055288461538461536 0.13942307692307693
4 0.24639423076923078 0.7860576923076923 0.06009615384615385 0.1201923076923077
4 0.3870192307692308 0.5396634615384616 0.052884615384615384 0.10817307692307693
4 0.45072115384615385 0.6706730769230769 0.055288461538461536 0.11057692307692307
4 0.3088942307692308 0.3449519230769231 0.05048076923076923 0.10817307692307693
4 0.4807692307692308 0.26322115384615385 0.052884615384615384 0.10817307692307693
4 0.41947115384615385 0.171875 0.05048076923076923 0.10817307692307693
1 0.34375 0.07692307692307693 0.052884615384615384 0.13942307692307693
1 0.6370192307692307 0.546875 0.057692307692307696 0.1466346153846154
7 0.8149038461538461 0.15144230769230768 0.0625 0.14423076923076922
12 0.8028846153846154 0.0889423076923077 0.052884615384615384 0.1201923076923077
8 0.8365384615384616 0.4074519230769231 0.07692307692307693 0.19951923076923078
11 0.6538461538461539 0.14543269230769232 0.0625 0.18028846153846154
9 0.6466346153846154 0.3317307692307692 0.0625 0.1346153846153846
9 0.8353365384615384 0.5492788461538461 0.07451923076923077 0.13701923076923078
7 0.8533653846153846 0.6670673076923077 0.07211538461538461 0.1466346153846154
10 0.7463942307692307 0.6754807692307693 0.055288461538461536 0.11538461538461539
10 0.7379807692307693 0.4423076923076923 0.0625 0.11057692307692307
10 0.7391826923076923 0.34134615384615385 0.05048076923076923 0.11057692307692307
10 0.7259615384615384 0.17067307692307693 0.052884615384615384 0.11057692307692307
10 0.5853365384615384 0.08413461538461539 0.05048076923076923 0.11057692307692307
10 0.578125 0.24519230769230768 0.05048076923076923 0.10576923076923077