6 0.9026442307692307 0.7944711538461539 0.08413461538461539 0.14182692307692307
2 0.8088942307692307 0.29086538461538464 0.08413461538461539 0.21153846153846154
6 0.765625 0.06850961538461539 0.06009615384615385 0.12740384615384615
5 0.5492788461538461 0.41947115384615385 0.06490384615384616 0.18509615384615385
3 0.6790865384615384 0.6622596153846154 0.06971153846153846 0.15625
3 0.6286057692307693 0.328125 0.06009615384615385 0.1466346153846154
4 0.7932692307692307 0.7944711538461539 0.0625 0.12259615384615384
4 0.6454326923076923 0.5396634615384616 0.055288461538461536 0.10817307692307693
4 0.5805288461538461 0.6730769230769231 0.06009615384615385 0.11538461538461539
4 0.7223557692307693 0.3401442307692308 0.055288461538461536 0.11298076923076923
4 0.5408653846153846 0.2536057692307692 0.057692307692307696 0.11298076923076923
4 0.6033653846153846 0.15985576923076922 0.057692307692307696 0.10817307692307693
1 0.6802884615384616 0.06971153846153846 0.057692307692307696 0.12980769230769232
1 0.38461538461538464 0.5432692307692307 0.0625 0.14903846153846154
7 0.19591346153846154 0.13341346153846154 0.06490384615384616 0.1466346153846154
12 0.20673076923076922 0.06971153846153846 0.057692307692307696 0.125
8 0.1778846153846154 0.39783653846153844 0.08173076923076923 0.20432692307692307
11 0.36177884615384615 0.12980769230769232 0.06971153846153846 0.1875
9 0.3713942307692308 0.32211538461538464 0.06490384615384616 0.13942307692307693
9 0.1814903846153846 0.5444711538461539 0.07932692307692307 0.14182692307692307
7 0.16466346153846154 0.6646634615384616 0.07451923076923077 0.15144230769230768
10 0.2764423076923077 0.6742788461538461 0.057692307692307696 0.11778846153846154
10 0.27884615384615385 0.4338942307692308 0.0673076923076923 0.11298076923076923
10 0.2776442307692308 0.3293269230769231 0.055288461538461536 0.11538461538461539
10 0.28725961538461536 0.15625 0.06009615384615385 0.11538461538461539
10 0.43149038461538464 0.0673076923076923 0.055288461538461536 0.11057692307692307
10 0.44350961538461536 0.23317307692307693 0.055288461538461536 0.11057692307692307