12 0.6225961538461539 0.7824519230769231 0.07692307692307693 0.1466346153846154
6 0.828125 0.7824519230769231 0.07932692307692307 0.14182692307692307
2 0.7067307692307693 0.6370192307692307 0.09134615384615384 0.21634615384615385
5 0.5817307692307693 0.31850961538461536 0.07692307692307693 0.18509615384615385
4 0.6706730769230769 0.2439903846153846 0.052884615384615384 0.10817307692307693
4 0.6021634615384616 0.5480769230769231 0.06009615384615385 0.1201923076923077
4 0.49759615384615385 0.3317307692307692 0.052884615384615384 0.10576923076923077
6 0.23798076923076922 0.546875 0.0673076923076923 0.1466346153846154
8 0.3329326923076923 0.40865384615384615 0.08413461538461539 0.20192307692307693
12 0.15144230769230768 0.25 0.07211538461538461 0.12980769230769232
10 0.41225961538461536 0.33533653846153844 0.055288461538461536 0.11298076923076923
10 0.34134615384615385 0.17668269230769232 0.052884615384615384 0.11298076923076923
10 0.2548076923076923 0.078125 0.052884615384615384 0.10817307692307693
10 0.22235576923076922 0.6802884615384616 0.06490384615384616 0.11538461538461539