12 0.640625 0.8028846153846154 0.07451923076923077 0.14903846153846154
6 0.8521634615384616 0.8076923076923077 0.07932692307692307 0.14423076923076922
2 0.7223557692307693 0.65625 0.0889423076923077 0.22115384615384615
5 0.5829326923076923 0.3245192307692308 0.07451923076923077 0.1875
4 0.6706730769230769 0.2512019230769231 0.052884615384615384 0.11298076923076923
4 0.6117788461538461 0.5612980769230769 0.06009615384615385 0.12259615384615384
4 0.4951923076923077 0.33653846153846156 0.052884615384615384 0.11057692307692307
6 0.23677884615384615 0.5504807692307693 0.06971153846153846 0.14903846153846154
8 0.328125 0.41225961538461536 0.07932692307692307 0.20432692307692307
12 0.13701923076923078 0.2439903846153846 0.07211538461538461 0.13221153846153846
10 0.40865384615384615 0.33774038461538464 0.052884615384615384 0.11778846153846154
10 0.33052884615384615 0.17307692307692307 0.05048076923076923 0.11538461538461539
10 0.23557692307692307 0.06971153846153846 0.052884615384615384 0.11057692307692307
10 0.2247596153846154 0.6875 0.06490384615384616 0.11538461538461539