12 0.6514423076923077 0.7692307692307693 0.07211538461538461 0.14423076923076922
6 0.8521634615384616 0.7680288461538461 0.07451923076923077 0.13701923076923078
2 0.7319711538461539 0.6274038461538461 0.08413461538461539 0.21153846153846154
5 0.5985576923076923 0.3161057692307692 0.07211538461538461 0.18028846153846154
4 0.6802884615384616 0.2439903846153846 0.04807692307692308 0.10817307692307693
4 0.6237980769230769 0.5408653846153846 0.055288461538461536 0.11538461538461539
4 0.515625 0.328125 0.05048076923076923 0.10336538461538461
6 0.26802884615384615 0.5384615384615384 0.06490384615384616 0.14423076923076922
8 0.3557692307692308 0.40384615384615385 0.07692307692307693 0.1971153846153846
12 0.17427884615384615 0.24879807692307693 0.06971153846153846 0.12740384615384615
10 0.43149038461538464 0.3317307692307692 0.05048076923076923 0.11057692307692307
10 0.3581730769230769 0.1778846153846154 0.04807692307692308 0.11057692307692307
10 0.26802884615384615 0.0829326923076923 0.05048076923076923 0.10336538461538461
10 0.25841346153846156 0.6682692307692307 0.06009615384615385 0.11057692307692307