12 0.3485576923076923 0.7692307692307693 0.07211538461538461 0.14423076923076922
6 0.14783653846153846 0.7680288461538461 0.07451923076923077 0.13701923076923078
2 0.26802884615384615 0.6274038461538461 0.08413461538461539 0.21153846153846154
5 0.4014423076923077 0.3161057692307692 0.07211538461538461 0.18028846153846154
4 0.31971153846153844 0.2439903846153846 0.04807692307692308 0.10817307692307693
4 0.3762019230769231 0.5408653846153846 0.055288461538461536 0.11538461538461539
4 0.484375 0.328125 0.05048076923076923 0.10336538461538461
6 0.7319711538461539 0.5384615384615384 0.06490384615384616 0.14423076923076922
8 0.6442307692307693 0.40384615384615385 0.07692307692307693 0.1971153846153846
12 0.8257211538461539 0.24879807692307693 0.06971153846153846 0.12740384615384615
10 0.5685096153846154 0.3317307692307692 0.05048076923076923 0.11057692307692307
10 0.6418269230769231 0.1778846153846154 0.04807692307692308 0.11057692307692307
10 0.7319711538461539 0.0829326923076923 0.05048076923076923 0.10336538461538461
10 0.7415865384615384 0.6682692307692307 0.06009615384615385 0.11057692307692307