6 0.3942307692307692 0.07211538461538461 0.0625 0.12980769230769232
6 0.09375 0.7848557692307693 0.08653846153846154 0.15144230769230768
2 0.16346153846153846 0.3918269230769231 0.09134615384615384 0.21634615384615385
5 0.3737980769230769 0.31009615384615385 0.07932692307692307 0.1875
4 0.3076923076923077 0.14903846153846154 0.052884615384615384 0.11057692307692307
4 0.29086538461538464 0.23918269230769232 0.052884615384615384 0.11778846153846154
4 0.2608173076923077 0.4254807692307692 0.06009615384615385 0.1201923076923077
4 0.3389423076923077 0.5396634615384616 0.057692307692307696 0.11778846153846154
4 0.46033653846153844 0.3233173076923077 0.06009615384615385 0.11778846153846154
4 0.46875 0.0673076923076923 0.052884615384615384 0.11057692307692307
3 0.3870192307692308 0.140625 0.057692307692307696 0.1466346153846154
3 0.5420673076923077 0.42427884615384615 0.07932692307692307 0.15144230769230768
11 0.6286057692307693 0.31850961538461536 0.08413461538461539 0.18509615384615385
12 0.8028846153846154 0.06971153846153846 0.0673076923076923 0.11057692307692307
12 0.7259615384615384 0.8052884615384616 0.08173076923076923 0.14903846153846154
8 0.8353365384615384 0.3942307692307692 0.09375 0.21153846153846154
7 0.84375 0.5300480769230769 0.08653846153846154 0.15144230769230768
9 0.6262019230769231 0.21033653846153846 0.06971153846153846 0.1466346153846154
9 0.828125 0.6574519230769231 0.0889423076923077 0.15625
10 0.546875 0.32091346153846156 0.06009615384615385 0.11298076923076923
10 0.71875 0.06490384615384616 0.052884615384615384 0.10576923076923077
10 0.7115384615384616 0.234375 0.057692307692307696 0.11778846153846154
10 0.7223557692307693 0.6646634615384616 0.06971153846153846 0.13221153846153846
10 0.5204326923076923 0.7908653846153846 0.06971153846153846 0.12980769230769232