6 0.40865384615384615 0.052884615384615384 0.057692307692307696 0.10576923076923077
6 0.13822115384615385 0.7295673076923077 0.07932692307692307 0.14182692307692307
2 0.1935096153846154 0.35336538461538464 0.08413461538461539 0.20673076923076922
5 0.3954326923076923 0.27403846153846156 0.07451923076923077 0.1778846153846154
4 0.328125 0.1201923076923077 0.04567307692307692 0.10576923076923077
4 0.3137019230769231 0.20673076923076922 0.05048076923076923 0.11057692307692307
4 0.28966346153846156 0.38461538461538464 0.055288461538461536 0.11538461538461539
4 0.36778846153846156 0.49278846153846156 0.052884615384615384 0.11057692307692307
4 0.47716346153846156 0.28365384615384615 0.055288461538461536 0.11057692307692307
4 0.4795673076923077 0.04567307692307692 0.05048076923076923 0.09134615384615384
3 0.40384615384615385 0.11057692307692307 0.052884615384615384 0.13942307692307693
3 0.5588942307692307 0.3798076923076923 0.07451923076923077 0.14423076923076922
11 0.6382211538461539 0.2776442307692308 0.07451923076923077 0.17548076923076922
12 0.7992788461538461 0.04447115384615385 0.06490384615384616 0.0889423076923077
12 0.7427884615384616 0.7403846153846154 0.07211538461538461 0.13942307692307693
8 0.8377403846153846 0.34615384615384615 0.08413461538461539 0.20192307692307693
7 0.8497596153846154 0.47475961538461536 0.07932692307692307 0.14182692307692307
9 0.6334134615384616 0.17307692307692307 0.06490384615384616 0.13942307692307693
9 0.8365384615384616 0.5985576923076923 0.08173076923076923 0.14903846153846154
10 0.5600961538461539 0.2800480769230769 0.052884615384615384 0.10817307692307693
10 0.7211538461538461 0.042067307692307696 0.04807692307692308 0.08413461538461539
10 0.7163461538461539 0.1935096153846154 0.052884615384615384 0.11298076923076923
10 0.7355769230769231 0.6057692307692307 0.0625 0.125
10 0.546875 0.7295673076923077 0.06490384615384616 0.12259615384615384