6 0.42427884615384615 0.04447115384615385 0.06009615384615385 0.0889423076923077
6 0.17067307692307693 0.7139423076923077 0.08173076923076923 0.14423076923076922
2 0.21634615384615385 0.3329326923076923 0.08653846153846154 0.2091346153846154
5 0.41586538461538464 0.2536057692307692 0.07692307692307693 0.18028846153846154
4 0.34375 0.10096153846153846 0.04807692307692308 0.10576923076923077
4 0.3329326923076923 0.18629807692307693 0.05048076923076923 0.11298076923076923
4 0.3125 0.36658653846153844 0.057692307692307696 0.11778846153846154
4 0.3954326923076923 0.47716346153846156 0.055288461538461536 0.11298076923076923
4 0.5 0.26802884615384615 0.057692307692307696 0.11298076923076923
4 0.49399038461538464 0.037259615384615384 0.05048076923076923 0.07451923076923077
3 0.41947115384615385 0.09134615384615384 0.055288461538461536 0.13942307692307693
3 0.5853365384615384 0.3641826923076923 0.07451923076923077 0.1466346153846154
11 0.6634615384615384 0.26322115384615385 0.07692307692307693 0.18028846153846154
12 0.8197115384615384 0.038461538461538464 0.0625 0.07692307692307693
12 0.78125 0.7331730769230769 0.07692307692307693 0.14423076923076922
8 0.8665865384615384 0.33653846153846156 0.08413461538461539 0.20673076923076922
7 0.8810096153846154 0.46634615384615385 0.07932692307692307 0.14423076923076922
9 0.6550480769230769 0.15865384615384615 0.06490384615384616 0.14423076923076922
9 0.8737980769230769 0.5913461538461539 0.08413461538461539 0.15384615384615385
10 0.5841346153846154 0.265625 0.052884615384615384 0.11298076923076923
10 0.7391826923076923 0.03485576923076923 0.05048076923076923 0.06971153846153846
10 0.7403846153846154 0.18269230769230768 0.052884615384615384 0.11538461538461539
10 0.7716346153846154 0.5973557692307693 0.0625 0.12740384615384615
10 0.5829326923076923 0.7199519230769231 0.06490384615384616 0.12259615384615384