6 0.6057692307692307 0.07211538461538461 0.0625 0.12980769230769232
6 0.90625 0.7848557692307693 0.08653846153846154 0.15144230769230768
2 0.8365384615384616 0.3918269230769231 0.09134615384615384 0.21634615384615385
5 0.6262019230769231 0.31009615384615385 0.07932692307692307 0.1875
4 0.6923076923076923 0.14903846153846154 0.052884615384615384 0.11057692307692307
4 0.7091346153846154 0.23918269230769232 0.052884615384615384 0.11778846153846154
4 0.7391826923076923 0.4254807692307692 0.06009615384615385 0.1201923076923077
4 0.6610576923076923 0.5396634615384616 0.057692307692307696 0.11778846153846154
4 0.5396634615384616 0.3233173076923077 0.06009615384615385 0.11778846153846154
4 0.53125 0.0673076923076923 0.052884615384615384 0.11057692307692307
3 0.6129807692307693 0.140625 0.057692307692307696 0.1466346153846154
3 0.4579326923076923 0.42427884615384615 0.07932692307692307 0.15144230769230768
11 0.3713942307692308 0.31850961538461536 0.08413461538461539 0.18509615384615385
12 0.1971153846153846 0.06971153846153846 0.0673076923076923 0.11057692307692307
12 0.27403846153846156 0.8052884615384616 0.08173076923076923 0.14903846153846154
8 0.16466346153846154 0.3942307692307692 0.09375 0.21153846153846154
7 0.15625 0.5300480769230769 0.08653846153846154 0.15144230769230768
9 0.3737980769230769 0.21033653846153846 0.06971153846153846 0.1466346153846154
9 0.171875 0.6574519230769231 0.0889423076923077 0.15625
10 0.453125 0.32091346153846156 0.06009615384615385 0.11298076923076923
10 0.28125 0.06490384615384616 0.052884615384615384 0.10576923076923077
10 0.28846153846153844 0.234375 0.057692307692307696 0.11778846153846154
10 0.2776442307692308 0.6646634615384616 0.06971153846153846 0.13221153846153846
10 0.4795673076923077 0.7908653846153846 0.06971153846153846 0.12980769230769232