2 0.20793269230769232 0.3329326923076923 0.0889423076923077 0.2091346153846154
6 0.7439903846153846 0.07091346153846154 0.06009615384615385 0.12740384615384615
8 0.8485576923076923 0.31971153846153844 0.08653846153846154 0.22115384615384615
12 0.5637019230769231 0.3581730769230769 0.055288461538461536 0.1346153846153846
7 0.5576923076923077 0.45552884615384615 0.0673076923076923 0.15144230769230768
10 0.6478365384615384 0.5901442307692307 0.06009615384615385 0.11778846153846154
10 0.7391826923076923 0.17548076923076922 0.055288461538461536 0.11538461538461539
10 0.75 0.3545673076923077 0.057692307692307696 0.11778846153846154
4 0.6586538461538461 0.4639423076923077 0.057692307692307696 0.11538461538461539
4 0.40384615384615385 0.3629807692307692 0.04807692307692308 0.11538461538461539
4 0.4495192307692308 0.7019230769230769 0.057692307692307696 0.125