2 0.7980769230769231 0.296875 0.09134615384615384 0.20432692307692307
6 0.27163461538461536 0.054086538461538464 0.0625 0.10817307692307693
8 0.15865384615384615 0.2920673076923077 0.08653846153846154 0.21875
12 0.44350961538461536 0.3269230769230769 0.055288461538461536 0.12980769230769232
7 0.44471153846153844 0.4230769230769231 0.0673076923076923 0.14903846153846154
10 0.35216346153846156 0.5576923076923077 0.06009615384615385 0.11538461538461539
10 0.27283653846153844 0.1466346153846154 0.055288461538461536 0.11538461538461539
10 0.25600961538461536 0.32572115384615385 0.06009615384615385 0.11778846153846154
4 0.34615384615384615 0.4338942307692308 0.057692307692307696 0.11298076923076923
4 0.6021634615384616 0.3293269230769231 0.05048076923076923 0.11538461538461539
4 0.5456730769230769 0.6670673076923077 0.057692307692307696 0.12259615384615384