2 0.2283653846153846 0.3161057692307692 0.08653846153846154 0.19951923076923078
6 0.7319711538461539 0.08774038461538461 0.06009615384615385 0.12259615384615384
8 0.8401442307692307 0.3269230769230769 0.08413461538461539 0.21153846153846154
12 0.5673076923076923 0.3545673076923077 0.052884615384615384 0.12740384615384615
7 0.5649038461538461 0.44711538461538464 0.0625 0.14423076923076922
10 0.6538461538461539 0.578125 0.057692307692307696 0.11298076923076923
10 0.7307692307692307 0.18629807692307693 0.052884615384615384 0.11298076923076923
10 0.7463942307692307 0.35697115384615385 0.055288461538461536 0.11298076923076923
4 0.6598557692307693 0.45913461538461536 0.055288461538461536 0.11057692307692307
4 0.41466346153846156 0.35096153846153844 0.04567307692307692 0.11057692307692307
4 0.4675480769230769 0.6778846153846154 0.055288461538461536 0.1201923076923077