2 0.7920673076923077 0.3329326923076923 0.0889423076923077 0.2091346153846154
6 0.25600961538461536 0.07091346153846154 0.06009615384615385 0.12740384615384615
8 0.15144230769230768 0.31971153846153844 0.08653846153846154 0.22115384615384615
12 0.4362980769230769 0.3581730769230769 0.055288461538461536 0.1346153846153846
7 0.4423076923076923 0.45552884615384615 0.0673076923076923 0.15144230769230768
10 0.35216346153846156 0.5901442307692307 0.06009615384615385 0.11778846153846154
10 0.2608173076923077 0.17548076923076922 0.055288461538461536 0.11538461538461539
10 0.25 0.3545673076923077 0.057692307692307696 0.11778846153846154
4 0.34134615384615385 0.4639423076923077 0.057692307692307696 0.11538461538461539
4 0.5961538461538461 0.3629807692307692 0.04807692307692308 0.11538461538461539
4 0.5504807692307693 0.7019230769230769 0.057692307692307696 0.125