2 0.7716346153846154 0.3161057692307692 0.08653846153846154 0.19951923076923078
6 0.26802884615384615 0.08774038461538461 0.06009615384615385 0.12259615384615384
8 0.15985576923076922 0.3269230769230769 0.08413461538461539 0.21153846153846154
12 0.4326923076923077 0.3545673076923077 0.052884615384615384 0.12740384615384615
7 0.43509615384615385 0.44711538461538464 0.0625 0.14423076923076922
10 0.34615384615384615 0.578125 0.057692307692307696 0.11298076923076923
10 0.2692307692307692 0.18629807692307693 0.052884615384615384 0.11298076923076923
10 0.2536057692307692 0.35697115384615385 0.055288461538461536 0.11298076923076923
4 0.3401442307692308 0.45913461538461536 0.055288461538461536 0.11057692307692307
4 0.5853365384615384 0.35096153846153844 0.04567307692307692 0.11057692307692307
4 0.5324519230769231 0.6778846153846154 0.055288461538461536 0.1201923076923077