5 0.6298076923076923 0.2692307692307692 0.08173076923076923 0.1875
2 0.8365384615384616 0.3401442307692308 0.09615384615384616 0.21875
6 0.8990384615384616 0.7199519230769231 0.08653846153846154 0.1658653846153846
6 0.6141826923076923 0.038461538461538464 0.06009615384615385 0.07692307692307693
3 0.6213942307692307 0.09375 0.06971153846153846 0.13942307692307693
3 0.4675480769230769 0.375 0.07451923076923077 0.15384615384615385
4 0.703125 0.1045673076923077 0.05048076923076923 0.10817307692307693
4 0.7163461538461539 0.19230769230769232 0.052884615384615384 0.11538461538461539
4 0.7427884615384616 0.37740384615384615 0.057692307692307696 0.12980769230769232
4 0.6658653846153846 0.4879807692307692 0.0625 0.1201923076923077
4 0.5456730769230769 0.27524038461538464 0.057692307692307696 0.11298076923076923
4 0.5456730769230769 0.042067307692307696 0.057692307692307696 0.08413461538461539
11 0.3786057692307692 0.27283653846153844 0.08413461538461539 0.18509615384615385
7 0.2704326923076923 0.36778846153846156 0.07451923076923077 0.16346153846153846
12 0.3798076923076923 0.16105769230769232 0.0673076923076923 0.14903846153846154
12 0.17427884615384615 0.6081730769230769 0.08413461538461539 0.16826923076923078
8 0.171875 0.35697115384615385 0.0889423076923077 0.22355769230769232
12 0.20673076923076922 0.040865384615384616 0.07211538461538461 0.08173076923076923
12 0.2692307692307692 0.7548076923076923 0.08653846153846154 0.15384615384615385
10 0.28966346153846156 0.038461538461538464 0.055288461538461536 0.07692307692307693
10 0.27884615384615385 0.6189903846153846 0.0625 0.12740384615384615
10 0.29927884615384615 0.1935096153846154 0.06009615384615385 0.12259615384615384
10 0.45913461538461536 0.2776442307692308 0.057692307692307696 0.11778846153846154
10 0.47836538461538464 0.7439903846153846 0.0625 0.13221153846153846