5 0.6298076923076923 0.2956730769230769 0.08173076923076923 0.18269230769230768
2 0.8341346153846154 0.3762019230769231 0.09615384615384616 0.21394230769230768
6 0.8954326923076923 0.7560096153846154 0.08413461538461539 0.1658653846153846
6 0.6129807692307693 0.056490384615384616 0.057692307692307696 0.09375
3 0.6213942307692307 0.12139423076923077 0.06971153846153846 0.13701923076923078
3 0.46875 0.39302884615384615 0.07211538461538461 0.15144230769230768
4 0.7019230769230769 0.1346153846153846 0.052884615384615384 0.11057692307692307
4 0.7151442307692307 0.22355769230769232 0.05048076923076923 0.11538461538461539
4 0.7415865384615384 0.4074519230769231 0.055288461538461536 0.12740384615384615
4 0.6658653846153846 0.5144230769230769 0.0625 0.1201923076923077
4 0.5444711538461539 0.296875 0.055288461538461536 0.11298076923076923
4 0.5456730769230769 0.057692307692307696 0.052884615384615384 0.09615384615384616
11 0.3798076923076923 0.28846153846153844 0.08173076923076923 0.18269230769230768
7 0.27163461538461536 0.37740384615384615 0.07211538461538461 0.16346153846153846
12 0.38221153846153844 0.17668269230769232 0.0673076923076923 0.1466346153846154
12 0.17668269230769232 0.6117788461538461 0.08413461538461539 0.1658653846153846
8 0.17427884615384615 0.3629807692307692 0.0889423076923077 0.22115384615384615
12 0.2091346153846154 0.04567307692307692 0.07211538461538461 0.08653846153846154
12 0.2704326923076923 0.7620192307692307 0.08413461538461539 0.15384615384615385
10 0.2920673076923077 0.046875 0.055288461538461536 0.08413461538461539
10 0.28125 0.6274038461538461 0.0625 0.125
10 0.3004807692307692 0.20552884615384615 0.0625 0.12259615384615384
10 0.45913461538461536 0.2956730769230769 0.057692307692307696 0.11538461538461539
10 0.47836538461538464 0.7608173076923077 0.0625 0.13221153846153846