5 0.359375 0.2620192307692308 0.07932692307692307 0.19230769230769232
2 0.12980769230769232 0.4735576923076923 0.09615384615384616 0.22596153846153846
6 0.09134615384615384 0.7439903846153846 0.09134615384615384 0.16105769230769232
4 0.2512019230769231 0.38822115384615385 0.055288461538461536 0.12259615384615384
4 0.2776442307692308 0.19471153846153846 0.06009615384615385 0.11057692307692307
4 0.29086538461538464 0.10576923076923077 0.052884615384615384 0.11057692307692307
4 0.4483173076923077 0.040865384615384616 0.05048076923076923 0.0673076923076923
4 0.4495192307692308 0.27403846153846156 0.057692307692307696 0.125
4 0.3269230769230769 0.4951923076923077 0.0673076923076923 0.12980769230769232
3 0.5288461538461539 0.37259615384615385 0.07211538461538461 0.14903846153846154
12 0.7884615384615384 0.03365384615384615 0.0673076923076923 0.0625
12 0.7223557692307693 0.75 0.07451923076923077 0.14903846153846154
8 0.7163461538461539 0.3449519230769231 0.08653846153846154 0.21875
9 0.46033653846153844 0.09495192307692307 0.06009615384615385 0.15625
9 0.8221153846153846 0.5973557692307693 0.08653846153846154 0.15625
7 0.5228365384615384 0.5997596153846154 0.06971153846153846 0.15144230769230768
11 0.6153846153846154 0.2608173076923077 0.07211538461538461 0.19471153846153846
10 0.5360576923076923 0.27283653846153844 0.057692307692307696 0.11298076923076923
10 0.703125 0.03365384615384615 0.06009615384615385 0.0625
10 0.6983173076923077 0.17908653846153846 0.055288461538461536 0.11778846153846154
10 0.71875 0.6129807692307693 0.0673076923076923 0.125
10 0.5144230769230769 0.7463942307692307 0.07211538461538461 0.12740384615384615