5 0.6009615384615384 0.28966346153846156 0.07211538461538461 0.18028846153846154
2 0.8100961538461539 0.48677884615384615 0.08653846153846154 0.2091346153846154
6 0.8389423076923077 0.7403846153846154 0.08173076923076923 0.14903846153846154
4 0.6995192307692307 0.4074519230769231 0.052884615384615384 0.11298076923076923
4 0.6790865384615384 0.22596153846153846 0.055288461538461536 0.10096153846153846
4 0.6682692307692307 0.140625 0.04807692307692308 0.10336538461538461
4 0.5240384615384616 0.06129807692307692 0.04807692307692308 0.0985576923076923
4 0.5168269230769231 0.3004807692307692 0.052884615384615384 0.11538461538461539
4 0.625 0.5060096153846154 0.0625 0.12259615384615384
3 0.43990384615384615 0.3918269230769231 0.0673076923076923 0.13942307692307693
12 0.20673076923076922 0.052884615384615384 0.0625 0.10096153846153846
12 0.24759615384615385 0.7451923076923077 0.0673076923076923 0.13942307692307693
8 0.26322115384615385 0.36538461538461536 0.07932692307692307 0.20192307692307693
9 0.5120192307692307 0.13221153846153846 0.057692307692307696 0.14423076923076922
9 0.15865384615384615 0.6021634615384616 0.08173076923076923 0.1466346153846154
7 0.4375 0.6045673076923077 0.0625 0.14182692307692307
11 0.36177884615384615 0.28725961538461536 0.06490384615384616 0.18028846153846154
10 0.43509615384615385 0.29927884615384615 0.052884615384615384 0.10817307692307693
10 0.2860576923076923 0.054086538461538464 0.057692307692307696 0.10336538461538461
10 0.2848557692307692 0.21153846153846154 0.055288461538461536 0.11057692307692307
10 0.2548076923076923 0.6165865384615384 0.0625 0.11778846153846154
10 0.4411057692307692 0.7415865384615384 0.06490384615384616 0.11778846153846154