5 0.7824519230769231 0.3173076923076923 0.06971153846153846 0.15384615384615385
2 0.7908653846153846 0.3894230769230769 0.07692307692307693 0.1875
1 0.7632211538461539 0.234375 0.055288461538461536 0.12740384615384615
1 0.8040865384615384 0.5192307692307693 0.06009615384615385 0.1346153846153846
3 0.7475961538461539 0.15504807692307693 0.057692307692307696 0.11778846153846154
3 0.828125 0.6322115384615384 0.07451923076923077 0.125
6 0.7415865384615384 0.08413461538461539 0.05048076923076923 0.10576923076923077
6 0.84375 0.7620192307692307 0.07211538461538461 0.12980769230769232
4 0.6574519230769231 0.07932692307692307 0.040865384615384616 0.09615384615384616
4 0.6646634615384616 0.15865384615384615 0.040865384615384616 0.09615384615384616
4 0.6754807692307693 0.24278846153846154 0.04326923076923077 0.09615384615384616
4 0.6875 0.3269230769230769 0.04326923076923077 0.10096153846153846
4 0.6983173076923077 0.421875 0.05048076923076923 0.0985576923076923
4 0.7115384615384616 0.5276442307692307 0.04807692307692308 0.10817307692307693
4 0.7247596153846154 0.6370192307692307 0.05048076923076923 0.10576923076923077
4 0.7379807692307693 0.7584134615384616 0.052884615384615384 0.10336538461538461
11 0.18509615384615385 0.28125 0.0625 0.17307692307692307
8 0.17067307692307693 0.36658653846153844 0.0673076923076923 0.18990384615384615
7 0.15625 0.49399038461538464 0.057692307692307696 0.13701923076923078
7 0.18870192307692307 0.20793269230769232 0.05048076923076923 0.13221153846153846
9 0.19591346153846154 0.12980769230769232 0.055288461538461536 0.1201923076923077
9 0.15264423076923078 0.6274038461538461 0.06971153846153846 0.1346153846153846
10 0.25240384615384615 0.7475961538461539 0.057692307692307696 0.10576923076923077
10 0.25961538461538464 0.625 0.0625 0.10576923076923077
10 0.2620192307692308 0.5204326923076923 0.052884615384615384 0.0985576923076923
10 0.27524038461538464 0.4170673076923077 0.05048076923076923 0.10336538461538461
10 0.27403846153846156 0.3173076923076923 0.052884615384615384 0.10096153846153846
10 0.28365384615384615 0.23076923076923078 0.04326923076923077 0.09615384615384616
10 0.2848557692307692 0.14423076923076922 0.04567307692307692 0.09134615384615384
10 0.28365384615384615 0.06490384615384616 0.04326923076923077 0.10096153846153846
12 0.20673076923076922 0.057692307692307696 0.04807692307692308 0.10576923076923077
12 0.13942307692307693 0.75 0.0673076923076923 0.14423076923076922