5 0.1935096153846154 0.3076923076923077 0.07451923076923077 0.16346153846153846
2 0.18389423076923078 0.3858173076923077 0.08413461538461539 0.19951923076923078
1 0.21514423076923078 0.21995192307692307 0.06009615384615385 0.13221153846153846
1 0.16947115384615385 0.5216346153846154 0.06490384615384616 0.13942307692307693
3 0.23317307692307693 0.13581730769230768 0.0625 0.12259615384615384
3 0.14423076923076922 0.6418269230769231 0.08173076923076923 0.12980769230769232
6 0.23798076923076922 0.06129807692307692 0.052884615384615384 0.10817307692307693
6 0.12620192307692307 0.7800480769230769 0.07932692307692307 0.13701923076923078
4 0.328125 0.057692307692307696 0.04567307692307692 0.10096153846153846
4 0.32211538461538464 0.14302884615384615 0.04326923076923077 0.10336538461538461
4 0.3076923076923077 0.23197115384615385 0.04326923076923077 0.10336538461538461
4 0.2956730769230769 0.31971153846153844 0.04807692307692308 0.10576923076923077
4 0.28365384615384615 0.4230769230769231 0.052884615384615384 0.10096153846153846
4 0.26802884615384615 0.5324519230769231 0.05048076923076923 0.11298076923076923
4 0.2536057692307692 0.6514423076923077 0.055288461538461536 0.11057692307692307
4 0.23798076923076922 0.7788461538461539 0.057692307692307696 0.11057692307692307
11 0.8305288461538461 0.28725961538461536 0.06971153846153846 0.18028846153846154
8 0.8473557692307693 0.3798076923076923 0.07451923076923077 0.20192307692307693
7 0.8605769230769231 0.5144230769230769 0.0625 0.14423076923076922
7 0.828125 0.2091346153846154 0.055288461538461536 0.13942307692307693
9 0.8197115384615384 0.12620192307692307 0.057692307692307696 0.12740384615384615
9 0.8641826923076923 0.6586538461538461 0.07451923076923077 0.13942307692307693
10 0.7584134615384616 0.7836538461538461 0.06009615384615385 0.11057692307692307
10 0.7512019230769231 0.6514423076923077 0.06971153846153846 0.11057692307692307
10 0.7475961538461539 0.5408653846153846 0.057692307692307696 0.10576923076923077
10 0.7367788461538461 0.43149038461538464 0.055288461538461536 0.10817307692307693
10 0.7355769230769231 0.32211538461538464 0.057692307692307696 0.10576923076923077
10 0.7271634615384616 0.23317307692307693 0.04567307692307692 0.10096153846153846
10 0.7283653846153846 0.13942307692307693 0.04807692307692308 0.09615384615384616
10 0.7283653846153846 0.055288461538461536 0.04807692307692308 0.10576923076923077
12 0.8100961538461539 0.051682692307692304 0.052884615384615384 0.10336538461538461
12 0.8786057692307693 0.7884615384615384 0.07451923076923077 0.14903846153846154