2 0.7271634615384616 0.5877403846153846 0.0889423076923077 0.19951923076923078
6 0.8401442307692307 0.7295673076923077 0.07451923076923077 0.14182692307692307
12 0.6382211538461539 0.7127403846153846 0.06971153846153846 0.14182692307692307
9 0.5264423076923077 0.11658653846153846 0.052884615384615384 0.14182692307692307
5 0.609375 0.2776442307692308 0.07451923076923077 0.18028846153846154
4 0.6923076923076923 0.2127403846153846 0.04807692307692308 0.10336538461538461
4 0.7091346153846154 0.39302884615384615 0.057692307692307696 0.10817307692307693
4 0.6286057692307693 0.49399038461538464 0.055288461538461536 0.10817307692307693
4 0.5288461538461539 0.28725961538461536 0.052884615384615384 0.10817307692307693
3 0.44711538461538464 0.38100961538461536 0.0673076923076923 0.13701923076923078
10 0.44591346153846156 0.2848557692307692 0.05048076923076923 0.10336538461538461
11 0.3713942307692308 0.27524038461538464 0.07451923076923077 0.17548076923076922
8 0.27403846153846156 0.3473557692307692 0.07692307692307693 0.19951923076923078
12 0.22716346153846154 0.04567307692307692 0.06490384615384616 0.09134615384615384
10 0.3016826923076923 0.042067307692307696 0.05048076923076923 0.08413461538461539
10 0.29927884615384615 0.19471153846153846 0.055288461538461536 0.10576923076923077
10 0.25600961538461536 0.5985576923076923 0.06009615384615385 0.11538461538461539