2 0.7596153846153846 0.5829326923076923 0.09615384615384616 0.2091346153846154
6 0.8870192307692307 0.734375 0.07692307692307693 0.15144230769230768
12 0.6742788461538461 0.7115384615384616 0.07451923076923077 0.14903846153846154
9 0.5216346153846154 0.08413461538461539 0.057692307692307696 0.14903846153846154
5 0.6189903846153846 0.25721153846153844 0.07932692307692307 0.1875
4 0.7019230769230769 0.19110576923076922 0.052884615384615384 0.10817307692307693
4 0.7295673076923077 0.3786057692307692 0.06009615384615385 0.11298076923076923
4 0.6514423076923077 0.4807692307692308 0.057692307692307696 0.11538461538461539
4 0.5348557692307693 0.26322115384615385 0.055288461538461536 0.11298076923076923
3 0.4567307692307692 0.3581730769230769 0.07211538461538461 0.14423076923076922
10 0.4483173076923077 0.25841346153846156 0.055288461538461536 0.10817307692307693
11 0.36899038461538464 0.24519230769230768 0.07932692307692307 0.18269230769230768
8 0.27163461538461536 0.31971153846153844 0.08173076923076923 0.20673076923076922
12 0.20552884615384615 0.02403846153846154 0.06490384615384616 0.04807692307692308
10 0.28365384615384615 0.021634615384615384 0.052884615384615384 0.04326923076923077
10 0.28966346153846156 0.15865384615384615 0.06009615384615385 0.11057692307692307
10 0.2692307692307692 0.5793269230769231 0.0673076923076923 0.1201923076923077