2 0.2512019230769231 0.5841346153846154 0.09375 0.20673076923076922
6 0.12740384615384615 0.7319711538461539 0.07692307692307693 0.1466346153846154
12 0.33653846153846156 0.7103365384615384 0.07211538461538461 0.1466346153846154
9 0.48197115384615385 0.09134615384615384 0.055288461538461536 0.14423076923076922
5 0.3870192307692308 0.2608173076923077 0.07692307692307693 0.18509615384615385
4 0.30528846153846156 0.19471153846153846 0.04807692307692308 0.10576923076923077
4 0.2800480769230769 0.38100961538461536 0.06009615384615385 0.10817307692307693
4 0.3581730769230769 0.484375 0.057692307692307696 0.11298076923076923
4 0.46875 0.26802884615384615 0.052884615384615384 0.11298076923076923
3 0.5492788461538461 0.36177884615384615 0.06971153846153846 0.14182692307692307
10 0.5552884615384616 0.2644230769230769 0.052884615384615384 0.10576923076923077
11 0.6334134615384616 0.2512019230769231 0.07932692307692307 0.18028846153846154
8 0.7319711538461539 0.32572115384615385 0.07932692307692307 0.20432692307692307
12 0.7944711538461539 0.028846153846153848 0.06490384615384616 0.057692307692307696
10 0.7139423076923077 0.027644230769230768 0.052884615384615384 0.055288461538461536
10 0.7127403846153846 0.16706730769230768 0.055288461538461536 0.10817307692307693
10 0.7367788461538461 0.5829326923076923 0.06490384615384616 0.11778846153846154