2 0.2403846153846154 0.5829326923076923 0.09615384615384616 0.2091346153846154
6 0.11298076923076923 0.734375 0.07692307692307693 0.15144230769230768
12 0.32572115384615385 0.7115384615384616 0.07451923076923077 0.14903846153846154
9 0.47836538461538464 0.08413461538461539 0.057692307692307696 0.14903846153846154
5 0.38100961538461536 0.25721153846153844 0.07932692307692307 0.1875
4 0.2980769230769231 0.19110576923076922 0.052884615384615384 0.10817307692307693
4 0.2704326923076923 0.3786057692307692 0.06009615384615385 0.11298076923076923
4 0.3485576923076923 0.4807692307692308 0.057692307692307696 0.11538461538461539
4 0.4651442307692308 0.26322115384615385 0.055288461538461536 0.11298076923076923
3 0.5432692307692307 0.3581730769230769 0.07211538461538461 0.14423076923076922
10 0.5516826923076923 0.25841346153846156 0.055288461538461536 0.10817307692307693
11 0.6310096153846154 0.24519230769230768 0.07932692307692307 0.18269230769230768
8 0.7283653846153846 0.31971153846153844 0.08173076923076923 0.20673076923076922
12 0.7944711538461539 0.02403846153846154 0.06490384615384616 0.04807692307692308
10 0.7163461538461539 0.021634615384615384 0.052884615384615384 0.04326923076923077
10 0.7103365384615384 0.15865384615384615 0.06009615384615385 0.11057692307692307
10 0.7307692307692307 0.5793269230769231 0.0673076923076923 0.1201923076923077