6 0.6430288461538461 0.7584134615384616 0.07451923076923077 0.14182692307692307
6 0.8473557692307693 0.7644230769230769 0.07932692307692307 0.14423076923076922
2 0.7211538461538461 0.6237980769230769 0.09134615384615384 0.2091346153846154
5 0.59375 0.3088942307692308 0.0625 0.18028846153846154
4 0.6790865384615384 0.23677884615384615 0.05048076923076923 0.11778846153846154
4 0.6225961538461539 0.5348557692307693 0.057692307692307696 0.12259615384615384
4 0.5096153846153846 0.3245192307692308 0.04807692307692308 0.11057692307692307
3 0.26322115384615385 0.5348557692307693 0.07451923076923077 0.1466346153846154
8 0.25600961538461536 0.4026442307692308 0.07451923076923077 0.20432692307692307
10 0.24879807692307693 0.6646634615384616 0.06009615384615385 0.11298076923076923
12 0.171875 0.24278846153846154 0.06490384615384616 0.1201923076923077
10 0.26802884615384615 0.07572115384615384 0.05048076923076923 0.10336538461538461
10 0.35336538461538464 0.16706730769230768 0.052884615384615384 0.10817307692307693
10 0.42908653846153844 0.33052884615384615 0.05048076923076923 0.11298076923076923