6 0.35697115384615385 0.7824519230769231 0.07451923076923077 0.14182692307692307
6 0.15144230769230768 0.7932692307692307 0.07692307692307693 0.14423076923076922
2 0.2776442307692308 0.6490384615384616 0.09375 0.20673076923076922
5 0.40625 0.33052884615384615 0.0625 0.18028846153846154
4 0.31971153846153844 0.2608173076923077 0.052884615384615384 0.11778846153846154
4 0.37740384615384615 0.5588942307692307 0.057692307692307696 0.12259615384615384
4 0.49038461538461536 0.3425480769230769 0.04807692307692308 0.10817307692307693
3 0.7367788461538461 0.546875 0.07451923076923077 0.1466346153846154
8 0.7427884615384616 0.41346153846153844 0.07211538461538461 0.20192307692307693
10 0.7487980769230769 0.6766826923076923 0.06009615384615385 0.11298076923076923
12 0.8269230769230769 0.25 0.0673076923076923 0.1201923076923077
10 0.7319711538461539 0.08653846153846154 0.05048076923076923 0.10576923076923077
10 0.6466346153846154 0.1814903846153846 0.052884615384615384 0.10817307692307693
10 0.5685096153846154 0.3473557692307692 0.05048076923076923 0.11298076923076923