6 0.6574519230769231 0.7908653846153846 0.07932692307692307 0.14903846153846154
6 0.8725961538461539 0.8088942307692307 0.08173076923076923 0.15144230769230768
2 0.7415865384615384 0.6550480769230769 0.0985576923076923 0.21875
5 0.6081730769230769 0.3173076923076923 0.0673076923076923 0.1875
4 0.6995192307692307 0.24879807692307693 0.052884615384615384 0.12259615384615384
4 0.6394230769230769 0.5576923076923077 0.0625 0.12980769230769232
4 0.5216346153846154 0.3293269230769231 0.052884615384615384 0.11538461538461539
3 0.2644230769230769 0.5360576923076923 0.07692307692307693 0.15384615384615385
8 0.25721153846153844 0.39783653846153844 0.07692307692307693 0.21394230769230768
10 0.25 0.6706730769230769 0.0625 0.1201923076923077
12 0.16947115384615385 0.22596153846153846 0.06971153846153846 0.125
10 0.27163461538461536 0.057692307692307696 0.052884615384615384 0.11057692307692307
10 0.359375 0.15625 0.055288461538461536 0.11538461538461539
10 0.4387019230769231 0.3329326923076923 0.055288461538461536 0.11778846153846154