3 0.5625 0.40865384615384615 0.0673076923076923 0.13942307692307693
4 0.4795673076923077 0.0733173076923077 0.05048076923076923 0.10817307692307693
6 0.16346153846153846 0.7632211538461539 0.08653846153846154 0.1466346153846154
2 0.19591346153846154 0.5072115384615384 0.09375 0.20673076923076922
5 0.4014423076923077 0.30649038461538464 0.0673076923076923 0.18509615384615385
4 0.30408653846153844 0.42427884615384615 0.05048076923076923 0.10817307692307693
4 0.32211538461538464 0.24519230769230768 0.04807692307692308 0.10576923076923077
4 0.4879807692307692 0.3173076923076923 0.052884615384615384 0.10576923076923077
4 0.38100961538461536 0.5240384615384616 0.055288461538461536 0.11057692307692307
12 0.36778846153846156 0.7415865384615384 0.07692307692307693 0.1466346153846154
12 0.7944711538461539 0.0625 0.06490384615384616 0.1201923076923077
11 0.6442307692307693 0.30408653846153844 0.0625 0.18028846153846154
8 0.7403846153846154 0.38341346153846156 0.07692307692307693 0.19951923076923078
7 0.5685096153846154 0.6177884615384616 0.06490384615384616 0.14903846153846154
9 0.49158653846153844 0.14543269230769232 0.055288461538461536 0.13701923076923078
9 0.6514423076923077 0.5108173076923077 0.0673076923076923 0.1466346153846154
10 0.5697115384615384 0.3112980769230769 0.052884615384615384 0.10817307692307693
10 0.7199519230769231 0.06129807692307692 0.05048076923076923 0.10817307692307693
10 0.71875 0.22355769230769232 0.04807692307692308 0.11057692307692307
10 0.7524038461538461 0.6274038461538461 0.0625 0.1201923076923077