3 0.5516826923076923 0.38341346153846156 0.06971153846153846 0.14182692307692307
4 0.48677884615384615 0.04927884615384615 0.05048076923076923 0.09375
6 0.12980769230769232 0.7391826923076923 0.09134615384615384 0.1466346153846154
2 0.17427884615384615 0.4807692307692308 0.0985576923076923 0.20673076923076922
5 0.3954326923076923 0.2776442307692308 0.07451923076923077 0.18990384615384615
4 0.28966346153846156 0.3954326923076923 0.055288461538461536 0.10817307692307693
4 0.3161057692307692 0.21514423076923078 0.05048076923076923 0.10817307692307693
4 0.4795673076923077 0.28966346153846156 0.055288461538461536 0.10817307692307693
4 0.3629807692307692 0.4987980769230769 0.057692307692307696 0.11298076923076923
12 0.33653846153846156 0.71875 0.08173076923076923 0.14903846153846154
12 0.8064903846153846 0.04807692307692308 0.06490384615384616 0.09615384615384616
11 0.640625 0.27884615384615385 0.06971153846153846 0.18269230769230768
8 0.734375 0.359375 0.08413461538461539 0.20432692307692307
7 0.5480769230769231 0.5961538461538461 0.0673076923076923 0.14903846153846154
9 0.49399038461538464 0.11538461538461539 0.06009615384615385 0.13942307692307693
9 0.6382211538461539 0.48677884615384615 0.07451923076923077 0.1466346153846154
10 0.5649038461538461 0.2848557692307692 0.052884615384615384 0.10817307692307693
10 0.7307692307692307 0.04567307692307692 0.057692307692307696 0.08653846153846154
10 0.7199519230769231 0.19831730769230768 0.05048076923076923 0.11298076923076923
10 0.734375 0.6069711538461539 0.06490384615384616 0.12259615384615384