3 0.4483173076923077 0.38341346153846156 0.06971153846153846 0.14182692307692307
4 0.5132211538461539 0.04927884615384615 0.05048076923076923 0.09375
6 0.8701923076923077 0.7391826923076923 0.09134615384615384 0.1466346153846154
2 0.8257211538461539 0.4807692307692308 0.0985576923076923 0.20673076923076922
5 0.6045673076923077 0.2776442307692308 0.07451923076923077 0.18990384615384615
4 0.7103365384615384 0.3954326923076923 0.055288461538461536 0.10817307692307693
4 0.6838942307692307 0.21514423076923078 0.05048076923076923 0.10817307692307693
4 0.5204326923076923 0.28966346153846156 0.055288461538461536 0.10817307692307693
4 0.6370192307692307 0.4987980769230769 0.057692307692307696 0.11298076923076923
12 0.6634615384615384 0.71875 0.08173076923076923 0.14903846153846154
12 0.1935096153846154 0.04807692307692308 0.06490384615384616 0.09615384615384616
11 0.359375 0.27884615384615385 0.06971153846153846 0.18269230769230768
8 0.265625 0.359375 0.08413461538461539 0.20432692307692307
7 0.4519230769230769 0.5961538461538461 0.0673076923076923 0.14903846153846154
9 0.5060096153846154 0.11538461538461539 0.06009615384615385 0.13942307692307693
9 0.36177884615384615 0.48677884615384615 0.07451923076923077 0.1466346153846154
10 0.43509615384615385 0.2848557692307692 0.052884615384615384 0.10817307692307693
10 0.2692307692307692 0.04567307692307692 0.057692307692307696 0.08653846153846154
10 0.2800480769230769 0.19831730769230768 0.05048076923076923 0.11298076923076923
10 0.265625 0.6069711538461539 0.06490384615384616 0.12259615384615384