3 0.4375 0.40865384615384615 0.0673076923076923 0.13942307692307693
4 0.5204326923076923 0.0733173076923077 0.05048076923076923 0.10817307692307693
6 0.8365384615384616 0.7632211538461539 0.08653846153846154 0.1466346153846154
2 0.8040865384615384 0.5072115384615384 0.09375 0.20673076923076922
5 0.5985576923076923 0.30649038461538464 0.0673076923076923 0.18509615384615385
4 0.6959134615384616 0.42427884615384615 0.05048076923076923 0.10817307692307693
4 0.6778846153846154 0.24519230769230768 0.04807692307692308 0.10576923076923077
4 0.5120192307692307 0.3173076923076923 0.052884615384615384 0.10576923076923077
4 0.6189903846153846 0.5240384615384616 0.055288461538461536 0.11057692307692307
12 0.6322115384615384 0.7415865384615384 0.07692307692307693 0.1466346153846154
12 0.20552884615384615 0.0625 0.06490384615384616 0.1201923076923077
11 0.3557692307692308 0.30408653846153844 0.0625 0.18028846153846154
8 0.25961538461538464 0.38341346153846156 0.07692307692307693 0.19951923076923078
7 0.43149038461538464 0.6177884615384616 0.06490384615384616 0.14903846153846154
9 0.5084134615384616 0.14543269230769232 0.055288461538461536 0.13701923076923078
9 0.3485576923076923 0.5108173076923077 0.0673076923076923 0.1466346153846154
10 0.43028846153846156 0.3112980769230769 0.052884615384615384 0.10817307692307693
10 0.2800480769230769 0.06129807692307692 0.05048076923076923 0.10817307692307693
10 0.28125 0.22355769230769232 0.04807692307692308 0.11057692307692307
10 0.24759615384615385 0.6274038461538461 0.0625 0.1201923076923077