2 0.7764423076923077 0.29447115384615385 0.08653846153846154 0.2091346153846154
1 0.6045673076923077 0.15504807692307693 0.06009615384615385 0.14182692307692307
6 0.5721153846153846 0.07572115384615384 0.057692307692307696 0.12740384615384615
6 0.5084134615384616 0.1622596153846154 0.06490384615384616 0.12740384615384615
4 0.6947115384615384 0.33774038461538464 0.052884615384615384 0.11298076923076923
4 0.7644230769230769 0.78125 0.0673076923076923 0.1201923076923077
4 0.6237980769230769 0.5324519230769231 0.06009615384615385 0.12259615384615384
4 0.5612980769230769 0.6598557692307693 0.06490384615384616 0.12740384615384615
4 0.42427884615384615 0.17427884615384615 0.05048076923076923 0.10336538461538461
3 0.4483173076923077 0.24759615384615385 0.06971153846153846 0.13942307692307693
3 0.265625 0.6394230769230769 0.08413461538461539 0.14903846153846154
8 0.17548076923076922 0.40625 0.08653846153846154 0.20673076923076922
7 0.18990384615384615 0.15144230769230768 0.07692307692307693 0.14423076923076922
7 0.36778846153846156 0.421875 0.07211538461538461 0.15144230769230768
12 0.19951923076923078 0.09615384615384616 0.0673076923076923 0.1346153846153846
11 0.3485576923076923 0.1466346153846154 0.07692307692307693 0.18269230769230768
9 0.25841346153846156 0.7872596153846154 0.08413461538461539 0.1658653846153846
10 0.27884615384615385 0.16105769230769232 0.057692307692307696 0.11538461538461539
10 0.26802884615384615 0.33653846153846156 0.06009615384615385 0.10576923076923077
10 0.27283653846153844 0.43509615384615385 0.06971153846153846 0.11538461538461539
10 0.37259615384615385 0.5661057692307693 0.0673076923076923 0.12740384615384615