2 0.17307692307692307 0.30649038461538464 0.09134615384615384 0.22355769230769232
1 0.3545673076923077 0.15625 0.06490384615384616 0.15384615384615385
6 0.38822115384615385 0.07211538461538461 0.06009615384615385 0.13942307692307693
6 0.4579326923076923 0.1622596153846154 0.06490384615384616 0.13701923076923078
4 0.2608173076923077 0.35336538461538464 0.055288461538461536 0.1201923076923077
4 0.19230769230769232 0.828125 0.0673076923076923 0.12740384615384615
4 0.3401442307692308 0.5612980769230769 0.06009615384615385 0.13221153846153846
4 0.4074519230769231 0.6959134615384616 0.06971153846153846 0.13701923076923078
4 0.5504807692307693 0.17427884615384615 0.052884615384615384 0.11298076923076923
3 0.5240384615384616 0.25240384615384615 0.07211538461538461 0.14903846153846154
3 0.7247596153846154 0.671875 0.0889423076923077 0.16105769230769232
8 0.8185096153846154 0.4206730769230769 0.0889423076923077 0.22115384615384615
7 0.8004807692307693 0.1466346153846154 0.08173076923076923 0.15384615384615385
7 0.6105769230769231 0.43990384615384615 0.07692307692307693 0.16346153846153846
12 0.7884615384615384 0.08774038461538461 0.07211538461538461 0.1466346153846154
11 0.6298076923076923 0.14302884615384615 0.07692307692307693 0.19471153846153846
9 0.734375 0.8293269230769231 0.0889423076923077 0.1778846153846154
10 0.703125 0.15985576923076922 0.06009615384615385 0.12259615384615384
10 0.71875 0.3449519230769231 0.0625 0.11298076923076923
10 0.7163461538461539 0.4519230769230769 0.07211538461538461 0.125
10 0.609375 0.59375 0.06971153846153846 0.1346153846153846