9 0.5420673076923077 0.6658653846153846 0.07451923076923077 0.16826923076923078
8 0.8461538461538461 0.32091346153846156 0.08653846153846154 0.21394230769230768
11 0.6658653846153846 0.15264423076923078 0.0673076923076923 0.18509615384615385
7 0.5625 0.44591346153846156 0.07211538461538461 0.15144230769230768
12 0.5829326923076923 0.16346153846153846 0.06490384615384616 0.12980769230769232
10 0.5625 0.33653846153846156 0.057692307692307696 0.11057692307692307
10 0.7379807692307693 0.17908653846153846 0.0673076923076923 0.12259615384615384
10 0.7475961538461539 0.3557692307692308 0.057692307692307696 0.11538461538461539
10 0.6454326923076923 0.5829326923076923 0.06009615384615385 0.13221153846153846
6 0.7439903846153846 0.08533653846153846 0.06971153846153846 0.12740384615384615
3 0.7536057692307693 0.671875 0.08413461538461539 0.17067307692307693
1 0.49399038461538464 0.23918269230769232 0.055288461538461536 0.15144230769230768
2 0.22235576923076922 0.29927884615384615 0.0889423076923077 0.2091346153846154
4 0.31009615384615385 0.3425480769230769 0.052884615384615384 0.11778846153846154
4 0.4495192307692308 0.6802884615384616 0.057692307692307696 0.12980769230769232
4 0.38461538461538464 0.5504807692307693 0.057692307692307696 0.125