9 0.53125 0.6526442307692307 0.07211538461538461 0.16105769230769232
8 0.8293269230769231 0.30528846153846156 0.08173076923076923 0.20673076923076922
11 0.6514423076923077 0.1502403846153846 0.0673076923076923 0.18028846153846154
7 0.5516826923076923 0.4375 0.06971153846153846 0.14423076923076922
12 0.5721153846153846 0.16346153846153846 0.0625 0.125
10 0.5528846153846154 0.3317307692307692 0.057692307692307696 0.10576923076923077
10 0.7211538461538461 0.17307692307692307 0.0673076923076923 0.11538461538461539
10 0.7319711538461539 0.3425480769230769 0.055288461538461536 0.11298076923076923
10 0.6334134615384616 0.5673076923076923 0.055288461538461536 0.125
6 0.7271634615384616 0.07692307692307693 0.06490384615384616 0.12980769230769232
3 0.7379807692307693 0.6478365384615384 0.08173076923076923 0.16105769230769232
1 0.4855769230769231 0.2403846153846154 0.052884615384615384 0.14423076923076922
2 0.22355769230769232 0.31009615384615385 0.08653846153846154 0.20192307692307693
4 0.30649038461538464 0.34975961538461536 0.05048076923076923 0.11298076923076923
4 0.4423076923076923 0.6706730769230769 0.057692307692307696 0.125
4 0.3786057692307692 0.546875 0.055288461538461536 0.11778846153846154