9 0.5552884615384616 0.6442307692307693 0.07211538461538461 0.16826923076923078
8 0.8473557692307693 0.29927884615384615 0.08413461538461539 0.21394230769230768
11 0.6586538461538461 0.12860576923076922 0.0673076923076923 0.18509615384615385
7 0.5661057692307693 0.4230769230769231 0.06971153846153846 0.14903846153846154
12 0.578125 0.140625 0.06490384615384616 0.13221153846153846
10 0.5625 0.31490384615384615 0.057692307692307696 0.11057692307692307
10 0.7331730769230769 0.15625 0.0673076923076923 0.1201923076923077
10 0.7487980769230769 0.3317307692307692 0.055288461538461536 0.11538461538461539
10 0.65625 0.5612980769230769 0.057692307692307696 0.13221153846153846
6 0.7355769230769231 0.06370192307692307 0.0673076923076923 0.12740384615384615
3 0.7668269230769231 0.6478365384615384 0.08173076923076923 0.17067307692307693
1 0.49278846153846156 0.21514423076923078 0.052884615384615384 0.15144230769230768
2 0.22355769230769232 0.2776442307692308 0.08653846153846154 0.2091346153846154
4 0.31009615384615385 0.32091346153846156 0.052884615384615384 0.11778846153846154
4 0.46274038461538464 0.65625 0.055288461538461536 0.12980769230769232
4 0.39302884615384615 0.5276442307692307 0.055288461538461536 0.12259615384615384