5 0.21153846153846154 0.4098557692307692 0.08173076923076923 0.18028846153846154
2 0.23076923076923078 0.30649038461538464 0.08173076923076923 0.18509615384615385
3 0.23197115384615385 0.24759615384615385 0.06971153846153846 0.125
3 0.19230769230769232 0.546875 0.08173076923076923 0.12740384615384615
1 0.2512019230769231 0.15745192307692307 0.055288461538461536 0.13701923076923078
1 0.18870192307692307 0.6622596153846154 0.06971153846153846 0.13701923076923078
6 0.26802884615384615 0.0829326923076923 0.06009615384615385 0.12740384615384615
6 0.16706730769230768 0.7944711538461539 0.07932692307692307 0.13221153846153846
4 0.27283653846153844 0.7992788461538461 0.06490384615384616 0.11298076923076923
4 0.29086538461538464 0.6574519230769231 0.0673076923076923 0.11778846153846154
4 0.3125 0.5528846153846154 0.057692307692307696 0.10576923076923077
4 0.3112980769230769 0.4387019230769231 0.055288461538461536 0.10336538461538461
4 0.3173076923076923 0.35216346153846156 0.052884615384615384 0.10336538461538461
4 0.3233173076923077 0.27283653846153844 0.05048076923076923 0.10336538461538461
4 0.33774038461538464 0.1814903846153846 0.04567307692307692 0.0985576923076923
4 0.3389423076923077 0.09615384615384616 0.04807692307692308 0.10096153846153846
11 0.8329326923076923 0.3473557692307692 0.06971153846153846 0.17548076923076922
8 0.8533653846153846 0.4326923076923077 0.08173076923076923 0.20192307692307693
9 0.8365384615384616 0.2668269230769231 0.0673076923076923 0.1201923076923077
9 0.859375 0.5733173076923077 0.07451923076923077 0.13701923076923078
7 0.8185096153846154 0.17067307692307693 0.06009615384615385 0.13942307692307693
7 0.8798076923076923 0.6947115384615384 0.07211538461538461 0.14423076923076922
12 0.8064903846153846 0.10697115384615384 0.06009615384615385 0.12259615384615384
12 0.8966346153846154 0.8401442307692307 0.07692307692307693 0.14182692307692307
10 0.734375 0.10817307692307693 0.05048076923076923 0.10096153846153846
10 0.7319711538461539 0.18870192307692307 0.05048076923076923 0.10336538461538461
10 0.7475961538461539 0.2764423076923077 0.04807692307692308 0.10576923076923077
10 0.7487980769230769 0.3581730769230769 0.055288461538461536 0.10096153846153846
10 0.7536057692307693 0.46033653846153844 0.055288461538461536 0.10817307692307693
10 0.765625 0.5745192307692307 0.055288461538461536 0.11057692307692307
10 0.7776442307692307 0.6971153846153846 0.06009615384615385 0.11538461538461539
10 0.7896634615384616 0.8353365384615384 0.06971153846153846 0.11298076923076923