5 0.8509615384615384 0.42908653846153844 0.08653846153846154 0.18509615384615385
2 0.8245192307692307 0.31971153846153844 0.08173076923076923 0.19230769230769232
3 0.8197115384615384 0.25721153846153844 0.07211538461538461 0.12980769230769232
3 0.8798076923076923 0.5745192307692307 0.08653846153846154 0.12980769230769232
1 0.7932692307692307 0.16105769230769232 0.057692307692307696 0.14423076923076922
1 0.8894230769230769 0.6959134615384616 0.07211538461538461 0.14182692307692307
6 0.7704326923076923 0.0829326923076923 0.06009615384615385 0.13221153846153846
6 0.9206730769230769 0.8353365384615384 0.08173076923076923 0.13701923076923078
4 0.8100961538461539 0.8341346153846154 0.0673076923076923 0.1201923076923077
4 0.7824519230769231 0.6850961538461539 0.06971153846153846 0.1201923076923077
4 0.7524038461538461 0.5733173076923077 0.0625 0.10817307692307693
4 0.7475961538461539 0.453125 0.057692307692307696 0.10817307692307693
4 0.7355769230769231 0.3629807692307692 0.052884615384615384 0.10576923076923077
4 0.7259615384615384 0.2800480769230769 0.052884615384615384 0.10817307692307693
4 0.703125 0.18269230769230768 0.04567307692307692 0.10096153846153846
4 0.6971153846153846 0.09134615384615384 0.04807692307692308 0.10576923076923077
11 0.19230769230769232 0.33413461538461536 0.07211538461538461 0.18269230769230768
8 0.1778846153846154 0.421875 0.08173076923076923 0.2091346153846154
9 0.18509615384615385 0.24879807692307693 0.07211538461538461 0.12259615384615384
9 0.17908653846153846 0.5685096153846154 0.07451923076923077 0.14182692307692307
7 0.19831730769230768 0.14903846153846154 0.06009615384615385 0.14423076923076922
7 0.16466346153846154 0.6971153846153846 0.07451923076923077 0.14903846153846154
12 0.20793269230769232 0.08173076923076923 0.06009615384615385 0.12980769230769232
12 0.15745192307692307 0.8473557692307693 0.07932692307692307 0.1466346153846154
10 0.2824519230769231 0.08653846153846154 0.05048076923076923 0.10576923076923077
10 0.28966346153846156 0.171875 0.05048076923076923 0.10817307692307693
10 0.2776442307692308 0.26322115384615385 0.05048076923076923 0.10817307692307693
10 0.28365384615384615 0.34975961538461536 0.057692307692307696 0.10336538461538461
10 0.28365384615384615 0.45552884615384615 0.057692307692307696 0.11298076923076923
10 0.27884615384615385 0.5745192307692307 0.057692307692307696 0.11538461538461539
10 0.27163461538461536 0.703125 0.0625 0.11778846153846154
10 0.2692307692307692 0.8485576923076923 0.07211538461538461 0.11538461538461539