5 0.7884615384615384 0.4098557692307692 0.08173076923076923 0.18028846153846154
2 0.7692307692307693 0.30649038461538464 0.08173076923076923 0.18509615384615385
3 0.7680288461538461 0.24759615384615385 0.06971153846153846 0.125
3 0.8076923076923077 0.546875 0.08173076923076923 0.12740384615384615
1 0.7487980769230769 0.15745192307692307 0.055288461538461536 0.13701923076923078
1 0.8112980769230769 0.6622596153846154 0.06971153846153846 0.13701923076923078
6 0.7319711538461539 0.0829326923076923 0.06009615384615385 0.12740384615384615
6 0.8329326923076923 0.7944711538461539 0.07932692307692307 0.13221153846153846
4 0.7271634615384616 0.7992788461538461 0.06490384615384616 0.11298076923076923
4 0.7091346153846154 0.6574519230769231 0.0673076923076923 0.11778846153846154
4 0.6875 0.5528846153846154 0.057692307692307696 0.10576923076923077
4 0.6887019230769231 0.4387019230769231 0.055288461538461536 0.10336538461538461
4 0.6826923076923077 0.35216346153846156 0.052884615384615384 0.10336538461538461
4 0.6766826923076923 0.27283653846153844 0.05048076923076923 0.10336538461538461
4 0.6622596153846154 0.1814903846153846 0.04567307692307692 0.0985576923076923
4 0.6610576923076923 0.09615384615384616 0.04807692307692308 0.10096153846153846
11 0.16706730769230768 0.3473557692307692 0.06971153846153846 0.17548076923076922
8 0.1466346153846154 0.4326923076923077 0.08173076923076923 0.20192307692307693
9 0.16346153846153846 0.2668269230769231 0.0673076923076923 0.1201923076923077
9 0.140625 0.5733173076923077 0.07451923076923077 0.13701923076923078
7 0.1814903846153846 0.17067307692307693 0.06009615384615385 0.13942307692307693
7 0.1201923076923077 0.6947115384615384 0.07211538461538461 0.14423076923076922
12 0.1935096153846154 0.10697115384615384 0.06009615384615385 0.12259615384615384
12 0.10336538461538461 0.8401442307692307 0.07692307692307693 0.14182692307692307
10 0.265625 0.10817307692307693 0.05048076923076923 0.10096153846153846
10 0.26802884615384615 0.18870192307692307 0.05048076923076923 0.10336538461538461
10 0.25240384615384615 0.2764423076923077 0.04807692307692308 0.10576923076923077
10 0.2512019230769231 0.3581730769230769 0.055288461538461536 0.10096153846153846
10 0.24639423076923078 0.46033653846153844 0.055288461538461536 0.10817307692307693
10 0.234375 0.5745192307692307 0.055288461538461536 0.11057692307692307
10 0.22235576923076922 0.6971153846153846 0.06009615384615385 0.11538461538461539
10 0.21033653846153846 0.8353365384615384 0.06971153846153846 0.11298076923076923