5 0.203125 0.3858173076923077 0.07932692307692307 0.18028846153846154
2 0.22716346153846154 0.28125 0.07932692307692307 0.1875
3 0.23076923076923078 0.21875 0.0673076923076923 0.125
3 0.17668269230769232 0.5264423076923077 0.07932692307692307 0.125
1 0.2548076923076923 0.12740384615384615 0.052884615384615384 0.13942307692307693
1 0.16826923076923078 0.6430288461538461 0.0673076923076923 0.13701923076923078
6 0.2764423076923077 0.057692307692307696 0.057692307692307696 0.11538461538461539
6 0.140625 0.7764423076923077 0.07932692307692307 0.1346153846153846
4 0.24759615384615385 0.7752403846153846 0.0625 0.11778846153846154
4 0.2704326923076923 0.6298076923076923 0.06490384615384616 0.11538461538461539
4 0.2980769230769231 0.5228365384615384 0.057692307692307696 0.10817307692307693
4 0.3016826923076923 0.4074519230769231 0.055288461538461536 0.10336538461538461
4 0.3137019230769231 0.31971153846153844 0.05048076923076923 0.10096153846153846
4 0.32211538461538464 0.23918269230769232 0.04807692307692308 0.10336538461538461
4 0.34134615384615385 0.1466346153846154 0.04326923076923077 0.10096153846153846
4 0.34615384615384615 0.05889423076923077 0.04326923076923077 0.10336538461538461
11 0.8341346153846154 0.28365384615384615 0.0673076923076923 0.1778846153846154
8 0.8509615384615384 0.36778846153846156 0.07692307692307693 0.20192307692307693
9 0.8413461538461539 0.19951923076923078 0.0673076923076923 0.1201923076923077
9 0.8497596153846154 0.5084134615384616 0.06971153846153846 0.13701923076923078
7 0.828125 0.1045673076923077 0.055288461538461536 0.14182692307692307
7 0.8641826923076923 0.6310096153846154 0.06971153846153846 0.1466346153846154
12 0.8173076923076923 0.051682692307692304 0.057692307692307696 0.10336538461538461
12 0.8762019230769231 0.7752403846153846 0.07451923076923077 0.14182692307692307
10 0.7463942307692307 0.04807692307692308 0.04567307692307692 0.09615384615384616
10 0.7403846153846154 0.12860576923076922 0.04807692307692308 0.10336538461538461
10 0.7524038461538461 0.21394230769230768 0.04807692307692308 0.10576923076923077
10 0.7475961538461539 0.2980769230769231 0.052884615384615384 0.10096153846153846
10 0.7487980769230769 0.4026442307692308 0.055288461538461536 0.10817307692307693
10 0.7548076923076923 0.5168269230769231 0.052884615384615384 0.11057692307692307
10 0.7620192307692307 0.6394230769230769 0.057692307692307696 0.11538461538461539
10 0.7668269230769231 0.7776442307692307 0.0673076923076923 0.11298076923076923