7 0.44471153846153844 0.42908653846153844 0.07211538461538461 0.14182692307692307
12 0.4362980769230769 0.33653846153846156 0.06009615384615385 0.1346153846153846
9 0.4519230769230769 0.6502403846153846 0.07211538461538461 0.16105769230769232
8 0.1658653846153846 0.29927884615384615 0.08173076923076923 0.21394230769230768
11 0.3449519230769231 0.13942307692307693 0.06971153846153846 0.1778846153846154
10 0.27403846153846156 0.15985576923076922 0.057692307692307696 0.11298076923076923
10 0.25961538461538464 0.33413461538461536 0.057692307692307696 0.11057692307692307
10 0.35697115384615385 0.5637019230769231 0.05048076923076923 0.11778846153846154
6 0.27403846153846156 0.06370192307692307 0.04807692307692308 0.12740384615384615
3 0.3485576923076923 0.4182692307692308 0.0625 0.15865384615384615
2 0.7752403846153846 0.2956730769230769 0.0889423076923077 0.20192307692307693
4 0.42908653846153844 0.5384615384615384 0.055288461538461536 0.11057692307692307
4 0.5925480769230769 0.3389423076923077 0.055288461538461536 0.11538461538461539
4 0.5456730769230769 0.6634615384615384 0.057692307692307696 0.1201923076923077