7 0.5552884615384616 0.42908653846153844 0.07211538461538461 0.14182692307692307
12 0.5637019230769231 0.33653846153846156 0.06009615384615385 0.1346153846153846
9 0.5480769230769231 0.6502403846153846 0.07211538461538461 0.16105769230769232
8 0.8341346153846154 0.29927884615384615 0.08173076923076923 0.21394230769230768
11 0.6550480769230769 0.13942307692307693 0.06971153846153846 0.1778846153846154
10 0.7259615384615384 0.15985576923076922 0.057692307692307696 0.11298076923076923
10 0.7403846153846154 0.33413461538461536 0.057692307692307696 0.11057692307692307
10 0.6430288461538461 0.5637019230769231 0.05048076923076923 0.11778846153846154
6 0.7259615384615384 0.06370192307692307 0.04807692307692308 0.12740384615384615
3 0.6514423076923077 0.4182692307692308 0.0625 0.15865384615384615
2 0.2247596153846154 0.2956730769230769 0.0889423076923077 0.20192307692307693
4 0.5709134615384616 0.5384615384615384 0.055288461538461536 0.11057692307692307
4 0.4074519230769231 0.3389423076923077 0.055288461538461536 0.11538461538461539
4 0.4543269230769231 0.6634615384615384 0.057692307692307696 0.1201923076923077