7 0.5444711538461539 0.40024038461538464 0.07451923076923077 0.15144230769230768
12 0.5528846153846154 0.30288461538461536 0.0625 0.13942307692307693
9 0.5336538461538461 0.6322115384615384 0.07692307692307693 0.16826923076923078
8 0.8401442307692307 0.2668269230769231 0.0889423076923077 0.22596153846153846
11 0.6514423076923077 0.09735576923076923 0.07692307692307693 0.18990384615384615
10 0.7271634615384616 0.11658653846153846 0.06009615384615385 0.11778846153846154
10 0.7403846153846154 0.3004807692307692 0.0625 0.11538461538461539
10 0.6358173076923077 0.5420673076923077 0.055288461538461536 0.12740384615384615
6 0.7283653846153846 0.04567307692307692 0.052884615384615384 0.08173076923076923
3 0.6466346153846154 0.38822115384615385 0.0673076923076923 0.1658653846153846
2 0.19591346153846154 0.2548076923076923 0.09375 0.21634615384615385
4 0.5588942307692307 0.515625 0.06009615384615385 0.11778846153846154
4 0.3894230769230769 0.30408653846153844 0.057692307692307696 0.12259615384615384
4 0.4375 0.6454326923076923 0.0625 0.12740384615384615