6 0.16466346153846154 0.7728365384615384 0.07932692307692307 0.13701923076923078
2 0.27403846153846156 0.6274038461538461 0.08653846153846154 0.20673076923076922
5 0.38822115384615385 0.3161057692307692 0.06490384615384616 0.17067307692307693
4 0.30649038461538464 0.25240384615384615 0.05048076923076923 0.10576923076923077
4 0.2932692307692308 0.43028846153846156 0.052884615384615384 0.10576923076923077
4 0.37259615384615385 0.5252403846153846 0.057692307692307696 0.10817307692307693
4 0.4723557692307692 0.3161057692307692 0.055288461538461536 0.10336538461538461
3 0.5516826923076923 0.4026442307692308 0.06009615384615385 0.13701923076923078
7 0.5588942307692307 0.6129807692307693 0.06490384615384616 0.14423076923076922
11 0.6286057692307693 0.2956730769230769 0.06971153846153846 0.1778846153846154
8 0.7211538461538461 0.36658653846153844 0.07692307692307693 0.19471153846153846
9 0.6382211538461539 0.4963942307692308 0.06490384615384616 0.1466346153846154
10 0.5516826923076923 0.3112980769230769 0.05048076923076923 0.10336538461538461
10 0.6971153846153846 0.21394230769230768 0.04807692307692308 0.10576923076923077
10 0.7367788461538461 0.6117788461538461 0.06009615384615385 0.11298076923076923
10 0.6935096153846154 0.06009615384615385 0.05048076923076923 0.10096153846153846
12 0.7692307692307693 0.057692307692307696 0.0625 0.10096153846153846
12 0.359375 0.7451923076923077 0.06971153846153846 0.14903846153846154