6 0.8581730769230769 0.75 0.07692307692307693 0.13942307692307693
2 0.7439903846153846 0.6081730769230769 0.08413461538461539 0.20673076923076922
5 0.6201923076923077 0.3016826923076923 0.0625 0.17067307692307693
4 0.6995192307692307 0.23197115384615385 0.04807692307692308 0.10817307692307693
4 0.71875 0.4098557692307692 0.052884615384615384 0.10817307692307693
4 0.6430288461538461 0.5132211538461539 0.055288461538461536 0.10817307692307693
4 0.5360576923076923 0.30649038461538464 0.052884615384615384 0.10336538461538461
3 0.4579326923076923 0.39783653846153844 0.06009615384615385 0.13701923076923078
7 0.4567307692307692 0.6117788461538461 0.0625 0.1466346153846154
11 0.37740384615384615 0.29447115384615385 0.0673076923076923 0.17548076923076922
8 0.2848557692307692 0.37259615384615385 0.07451923076923077 0.1971153846153846
9 0.37259615384615385 0.49759615384615385 0.0625 0.14423076923076922
10 0.4543269230769231 0.30649038461538464 0.04807692307692308 0.10336538461538461
10 0.30528846153846156 0.21634615384615385 0.04807692307692308 0.10576923076923077
10 0.2764423076923077 0.6201923076923077 0.057692307692307696 0.11538461538461539
10 0.30408653846153844 0.06370192307692307 0.05048076923076923 0.09375
12 0.22596153846153846 0.06490384615384616 0.057692307692307696 0.09615384615384616
12 0.6622596153846154 0.7331730769230769 0.06971153846153846 0.14903846153846154