6 0.1141826923076923 0.765625 0.07932692307692307 0.14182692307692307
2 0.234375 0.6129807692307693 0.0889423076923077 0.21634615384615385
5 0.3641826923076923 0.29086538461538464 0.06490384615384616 0.1778846153846154
4 0.2824519230769231 0.22355769230769232 0.05048076923076923 0.11057692307692307
4 0.2608173076923077 0.40865384615384615 0.055288461538461536 0.11057692307692307
4 0.3401442307692308 0.5096153846153846 0.06009615384615385 0.11057692307692307
4 0.45072115384615385 0.2920673076923077 0.055288461538461536 0.10817307692307693
3 0.5300480769230769 0.38100961538461536 0.06009615384615385 0.14182692307692307
7 0.5300480769230769 0.6021634615384616 0.06490384615384616 0.15144230769230768
11 0.6153846153846154 0.27283653846153844 0.07211538461538461 0.18509615384615385
8 0.7091346153846154 0.3485576923076923 0.07692307692307693 0.20192307692307693
9 0.6177884615384616 0.48197115384615385 0.0625 0.15144230769230768
10 0.5348557692307693 0.28966346153846156 0.05048076923076923 0.10817307692307693
10 0.6899038461538461 0.1875 0.04807692307692308 0.11057692307692307
10 0.7163461538461539 0.6033653846153846 0.0625 0.1201923076923077
10 0.6923076923076923 0.040865384615384616 0.052884615384615384 0.08173076923076923
12 0.7716346153846154 0.038461538461538464 0.0625 0.07692307692307693
12 0.31850961538461536 0.7379807692307693 0.07451923076923077 0.15384615384615385