6 0.14182692307692307 0.75 0.07692307692307693 0.13942307692307693
2 0.25600961538461536 0.6081730769230769 0.08413461538461539 0.20673076923076922
5 0.3798076923076923 0.3016826923076923 0.0625 0.17067307692307693
4 0.3004807692307692 0.23197115384615385 0.04807692307692308 0.10817307692307693
4 0.28125 0.4098557692307692 0.052884615384615384 0.10817307692307693
4 0.35697115384615385 0.5132211538461539 0.055288461538461536 0.10817307692307693
4 0.4639423076923077 0.30649038461538464 0.052884615384615384 0.10336538461538461
3 0.5420673076923077 0.39783653846153844 0.06009615384615385 0.13701923076923078
7 0.5432692307692307 0.6117788461538461 0.0625 0.1466346153846154
11 0.6225961538461539 0.29447115384615385 0.0673076923076923 0.17548076923076922
8 0.7151442307692307 0.37259615384615385 0.07451923076923077 0.1971153846153846
9 0.6274038461538461 0.49759615384615385 0.0625 0.14423076923076922
10 0.5456730769230769 0.30649038461538464 0.04807692307692308 0.10336538461538461
10 0.6947115384615384 0.21634615384615385 0.04807692307692308 0.10576923076923077
10 0.7235576923076923 0.6201923076923077 0.057692307692307696 0.11538461538461539
10 0.6959134615384616 0.06370192307692307 0.05048076923076923 0.09375
12 0.7740384615384616 0.06490384615384616 0.057692307692307696 0.09615384615384616
12 0.33774038461538464 0.7331730769230769 0.06971153846153846 0.14903846153846154