8 0.1658653846153846 0.3016826923076923 0.08173076923076923 0.21394230769230768
10 0.27524038461538464 0.17307692307692307 0.06009615384615385 0.10576923076923077
10 0.25961538461538464 0.34375 0.0625 0.11538461538461539
12 0.43509615384615385 0.33653846153846156 0.0625 0.13942307692307693
7 0.4411057692307692 0.4375 0.06490384615384616 0.14903846153846154
10 0.35336538461538464 0.5649038461538461 0.0673076923076923 0.1201923076923077
11 0.7716346153846154 0.32091346153846156 0.07692307692307693 0.18028846153846154
2 0.6923076923076923 0.3137019230769231 0.08173076923076923 0.20432692307692307
6 0.27163461538461536 0.07451923076923077 0.0625 0.125
4 0.3449519230769231 0.44591346153846156 0.055288461538461536 0.11778846153846154
4 0.5372596153846154 0.6682692307692307 0.06490384615384616 0.1201923076923077
4 0.5865384615384616 0.3449519230769231 0.052884615384615384 0.11778846153846154