8 0.8341346153846154 0.3016826923076923 0.08173076923076923 0.21394230769230768
10 0.7247596153846154 0.17307692307692307 0.06009615384615385 0.10576923076923077
10 0.7403846153846154 0.34375 0.0625 0.11538461538461539
12 0.5649038461538461 0.33653846153846156 0.0625 0.13942307692307693
7 0.5588942307692307 0.4375 0.06490384615384616 0.14903846153846154
10 0.6466346153846154 0.5649038461538461 0.0673076923076923 0.1201923076923077
11 0.2283653846153846 0.32091346153846156 0.07692307692307693 0.18028846153846154
2 0.3076923076923077 0.3137019230769231 0.08173076923076923 0.20432692307692307
6 0.7283653846153846 0.07451923076923077 0.0625 0.125
4 0.6550480769230769 0.44591346153846156 0.055288461538461536 0.11778846153846154
4 0.46274038461538464 0.6682692307692307 0.06490384615384616 0.1201923076923077
4 0.41346153846153844 0.3449519230769231 0.052884615384615384 0.11778846153846154