8 0.15144230769230768 0.28125 0.08653846153846154 0.22115384615384615
10 0.26802884615384615 0.14783653846153846 0.06490384615384616 0.11298076923076923
10 0.25 0.32572115384615385 0.0673076923076923 0.12259615384615384
12 0.4326923076923077 0.3137019230769231 0.0673076923076923 0.1466346153846154
7 0.4387019230769231 0.41947115384615385 0.06971153846153846 0.15625
10 0.3449519230769231 0.5528846153846154 0.06971153846153846 0.125
11 0.7848557692307693 0.29086538461538464 0.08413461538461539 0.19230769230769232
2 0.7007211538461539 0.28365384615384615 0.0889423076923077 0.21153846153846154
6 0.2644230769230769 0.055288461538461536 0.0673076923076923 0.11057692307692307
4 0.33774038461538464 0.42788461538461536 0.06009615384615385 0.125
4 0.5360576923076923 0.6586538461538461 0.0673076923076923 0.125
4 0.5913461538461539 0.32091346153846156 0.057692307692307696 0.12259615384615384