8 0.1466346153846154 0.28125 0.08653846153846154 0.22115384615384615
10 0.25961538461538464 0.14543269230769232 0.0625 0.11298076923076923
10 0.24639423076923078 0.32572115384615385 0.06490384615384616 0.12259615384615384
12 0.43028846153846156 0.31490384615384615 0.0673076923076923 0.14423076923076922
7 0.4387019230769231 0.421875 0.06971153846153846 0.15625
10 0.34975961538461536 0.5552884615384616 0.06971153846153846 0.125
11 0.7836538461538461 0.29447115384615385 0.08173076923076923 0.18990384615384615
2 0.6995192307692307 0.28725961538461536 0.08653846153846154 0.21394230769230768
6 0.2536057692307692 0.056490384615384616 0.06490384615384616 0.10336538461538461
4 0.33774038461538464 0.43028846153846156 0.06009615384615385 0.125
4 0.5456730769230769 0.6610576923076923 0.0673076923076923 0.125
4 0.5901442307692307 0.3233173076923077 0.055288461538461536 0.12259615384615384