2 0.23798076923076922 0.2920673076923077 0.08653846153846154 0.21394230769230768
1 0.40625 0.1466346153846154 0.052884615384615384 0.14423076923076922
6 0.43149038461538464 0.06610576923076923 0.06490384615384616 0.13221153846153846
6 0.4891826923076923 0.4254807692307692 0.07451923076923077 0.15865384615384615
4 0.32572115384615385 0.3329326923076923 0.06009615384615385 0.11778846153846154
4 0.27403846153846156 0.7740384615384616 0.0625 0.125
4 0.47115384615384615 0.6598557692307693 0.0673076923076923 0.12740384615384615
4 0.4050480769230769 0.5264423076923077 0.06009615384615385 0.12980769230769232
4 0.5889423076923077 0.16466346153846154 0.052884615384615384 0.10817307692307693
4 0.5132211538461539 0.1622596153846154 0.06009615384615385 0.10817307692307693
3 0.4098557692307692 0.3245192307692308 0.06971153846153846 0.15384615384615385
3 0.5757211538461539 0.765625 0.07451923076923077 0.1658653846153846
11 0.6586538461538461 0.12860576923076922 0.07211538461538461 0.18509615384615385
9 0.7860576923076923 0.7740384615384616 0.09134615384615384 0.16346153846153846
12 0.8076923076923077 0.0673076923076923 0.0673076923076923 0.12980769230769232
7 0.65625 0.41346153846153844 0.07211538461538461 0.15865384615384615
7 0.8173076923076923 0.12980769230769232 0.0673076923076923 0.16346153846153846
8 0.8521634615384616 0.38822115384615385 0.0985576923076923 0.2091346153846154
10 0.5901442307692307 0.06850961538461539 0.06009615384615385 0.11298076923076923
10 0.7319711538461539 0.14783653846153846 0.06009615384615385 0.11778846153846154
10 0.7524038461538461 0.3173076923076923 0.052884615384615384 0.11538461538461539
10 0.7524038461538461 0.4206730769230769 0.0625 0.1201923076923077
10 0.6586538461538461 0.5444711538461539 0.0673076923076923 0.12740384615384615