2 0.7620192307692307 0.2920673076923077 0.08653846153846154 0.21394230769230768
1 0.59375 0.1466346153846154 0.052884615384615384 0.14423076923076922
6 0.5685096153846154 0.06610576923076923 0.06490384615384616 0.13221153846153846
6 0.5108173076923077 0.4254807692307692 0.07451923076923077 0.15865384615384615
4 0.6742788461538461 0.3329326923076923 0.06009615384615385 0.11778846153846154
4 0.7259615384615384 0.7740384615384616 0.0625 0.125
4 0.5288461538461539 0.6598557692307693 0.0673076923076923 0.12740384615384615
4 0.5949519230769231 0.5264423076923077 0.06009615384615385 0.12980769230769232
4 0.4110576923076923 0.16466346153846154 0.052884615384615384 0.10817307692307693
4 0.48677884615384615 0.1622596153846154 0.06009615384615385 0.10817307692307693
3 0.5901442307692307 0.3245192307692308 0.06971153846153846 0.15384615384615385
3 0.42427884615384615 0.765625 0.07451923076923077 0.1658653846153846
11 0.34134615384615385 0.12860576923076922 0.07211538461538461 0.18509615384615385
9 0.21394230769230768 0.7740384615384616 0.09134615384615384 0.16346153846153846
12 0.19230769230769232 0.0673076923076923 0.0673076923076923 0.12980769230769232
7 0.34375 0.41346153846153844 0.07211538461538461 0.15865384615384615
7 0.18269230769230768 0.12980769230769232 0.0673076923076923 0.16346153846153846
8 0.14783653846153846 0.38822115384615385 0.0985576923076923 0.2091346153846154
10 0.4098557692307692 0.06850961538461539 0.06009615384615385 0.11298076923076923
10 0.26802884615384615 0.14783653846153846 0.06009615384615385 0.11778846153846154
10 0.24759615384615385 0.3173076923076923 0.052884615384615384 0.11538461538461539
10 0.24759615384615385 0.4206730769230769 0.0625 0.1201923076923077
10 0.34134615384615385 0.5444711538461539 0.0673076923076923 0.12740384615384615