11 0.6466346153846154 0.11298076923076923 0.07692307692307693 0.1971153846153846
8 0.8353365384615384 0.38221153846153844 0.09375 0.23557692307692307
12 0.8028846153846154 0.06009615384615385 0.0673076923076923 0.11057692307692307
7 0.8137019230769231 0.10697115384615384 0.06971153846153846 0.16105769230769232
7 0.6346153846153846 0.40865384615384615 0.07692307692307693 0.16346153846153846
9 0.7560096153846154 0.7848557692307693 0.09375 0.18990384615384615
10 0.5745192307692307 0.0625 0.052884615384615384 0.10096153846153846
10 0.7211538461538461 0.12740384615384615 0.0625 0.12980769230769232
10 0.734375 0.31490384615384615 0.06009615384615385 0.12980769230769232
10 0.734375 0.4170673076923077 0.06971153846153846 0.13221153846153846
10 0.6262019230769231 0.5516826923076923 0.06009615384615385 0.13221153846153846
2 0.19591346153846154 0.2848557692307692 0.0889423076923077 0.21394230769230768
1 0.38221153846153844 0.1310096153846154 0.052884615384615384 0.15625
3 0.5384615384615384 0.7776442307692307 0.08173076923076923 0.18028846153846154
3 0.5480769230769231 0.21875 0.07692307692307693 0.14423076923076922
6 0.41225961538461536 0.0673076923076923 0.06490384615384616 0.10096153846153846
6 0.45552884615384615 0.42427884615384615 0.06971153846153846 0.1466346153846154
4 0.21995192307692307 0.7932692307692307 0.06490384615384616 0.12980769230769232
4 0.5721153846153846 0.1502403846153846 0.057692307692307696 0.11298076923076923
4 0.49278846153846156 0.14423076923076922 0.057692307692307696 0.11057692307692307
4 0.28725961538461536 0.328125 0.055288461538461536 0.11778846153846154
4 0.36538461538461536 0.5336538461538461 0.0625 0.12980769230769232
4 0.4338942307692308 0.6634615384615384 0.06490384615384616 0.125