11 0.3629807692307692 0.10216346153846154 0.07692307692307693 0.19951923076923078
8 0.171875 0.37740384615384615 0.09375 0.23557692307692307
12 0.20673076923076922 0.052884615384615384 0.0673076923076923 0.10576923076923077
7 0.1935096153846154 0.10096153846153846 0.06971153846153846 0.16346153846153846
7 0.375 0.4014423076923077 0.07692307692307693 0.16346153846153846
9 0.25240384615384615 0.7836538461538461 0.09615384615384616 0.19230769230769232
10 0.4362980769230769 0.04927884615384615 0.055288461538461536 0.0985576923076923
10 0.28725961538461536 0.11778846153846154 0.06490384615384616 0.12980769230769232
10 0.27403846153846156 0.3076923076923077 0.0625 0.12980769230769232
10 0.27524038461538464 0.4098557692307692 0.07451923076923077 0.13221153846153846
10 0.38221153846153844 0.5456730769230769 0.0625 0.1346153846153846
2 0.8185096153846154 0.26802884615384615 0.0889423076923077 0.21394230769230768
1 0.6310096153846154 0.11538461538461539 0.055288461538461536 0.15865384615384615
3 0.47115384615384615 0.7716346153846154 0.08173076923076923 0.18269230769230768
3 0.46274038461538464 0.20673076923076922 0.07932692307692307 0.14423076923076922
6 0.6021634615384616 0.05048076923076923 0.06490384615384616 0.10096153846153846
6 0.5564903846153846 0.41225961538461536 0.06971153846153846 0.1466346153846154
4 0.7956730769230769 0.7836538461538461 0.0673076923076923 0.12980769230769232
4 0.43990384615384615 0.13822115384615385 0.057692307692307696 0.11298076923076923
4 0.5192307692307693 0.1310096153846154 0.057692307692307696 0.11298076923076923
4 0.7271634615384616 0.3137019230769231 0.055288461538461536 0.11778846153846154
4 0.6478365384615384 0.5216346153846154 0.06009615384615385 0.12980769230769232
4 0.578125 0.6550480769230769 0.06490384615384616 0.12740384615384615