11 0.6490384615384616 0.15745192307692307 0.07211538461538461 0.18990384615384615
8 0.8329326923076923 0.42788461538461536 0.0889423076923077 0.22596153846153846
12 0.7992788461538461 0.09975961538461539 0.06490384615384616 0.13701923076923078
7 0.8100961538461539 0.1622596153846154 0.0673076923076923 0.15625
7 0.6394230769230769 0.4423076923076923 0.07211538461538461 0.15865384615384615
9 0.7584134615384616 0.8112980769230769 0.0889423076923077 0.18509615384615385
10 0.578125 0.09375 0.05048076923076923 0.11538461538461539
10 0.7223557692307693 0.17668269230769232 0.06009615384615385 0.12259615384615384
10 0.7355769230769231 0.3581730769230769 0.057692307692307696 0.125
10 0.7355769230769231 0.45552884615384615 0.0673076923076923 0.12740384615384615
10 0.6346153846153846 0.5805288461538461 0.057692307692307696 0.12740384615384615
2 0.21754807692307693 0.2956730769230769 0.08413461538461539 0.20673076923076922
1 0.3942307692307692 0.15745192307692307 0.052884615384615384 0.15144230769230768
3 0.5492788461538461 0.7908653846153846 0.07932692307692307 0.17307692307692307
3 0.5552884615384616 0.2548076923076923 0.07692307692307693 0.13942307692307693
6 0.421875 0.08173076923076923 0.06009615384615385 0.12980769230769232
6 0.46634615384615385 0.44591346153846156 0.0673076923076923 0.14182692307692307
4 0.2403846153846154 0.7884615384615384 0.0625 0.125
4 0.5769230769230769 0.18870192307692307 0.052884615384615384 0.10817307692307693
4 0.5 0.17668269230769232 0.052884615384615384 0.10817307692307693
4 0.30408653846153844 0.3425480769230769 0.05048076923076923 0.11298076923076923
4 0.3798076923076923 0.5456730769230769 0.057692307692307696 0.125
4 0.44711538461538464 0.6766826923076923 0.0625 0.12259615384615384