6 0.5829326923076923 0.054086538461538464 0.055288461538461536 0.0889423076923077
6 0.8629807692307693 0.734375 0.08173076923076923 0.15625
2 0.8016826923076923 0.3485576923076923 0.08413461538461539 0.21634615384615385
5 0.5973557692307693 0.2776442307692308 0.07451923076923077 0.19471153846153846
4 0.7055288461538461 0.3894230769230769 0.06009615384615385 0.1201923076923077
4 0.6778846153846154 0.20192307692307693 0.052884615384615384 0.11057692307692307
4 0.6610576923076923 0.11177884615384616 0.04807692307692308 0.10336538461538461
4 0.5084134615384616 0.051682692307692304 0.05048076923076923 0.07932692307692307
4 0.6298076923076923 0.4987980769230769 0.052884615384615384 0.11778846153846154
4 0.5120192307692307 0.28846153846153844 0.052884615384615384 0.11057692307692307
3 0.5817307692307693 0.1045673076923077 0.04807692307692308 0.13701923076923078
3 0.43509615384615385 0.3858173076923077 0.07692307692307693 0.15144230769230768
7 0.4387019230769231 0.6069711538461539 0.07451923076923077 0.15144230769230768
8 0.14783653846153846 0.3605769230769231 0.0889423076923077 0.21634615384615385
11 0.34975961538461536 0.28365384615384615 0.07451923076923077 0.18269230769230768
9 0.3473557692307692 0.17548076923076922 0.06009615384615385 0.14423076923076922
9 0.14423076923076922 0.6117788461538461 0.09134615384615384 0.1658653846153846
12 0.24158653846153846 0.7596153846153846 0.07932692307692307 0.14903846153846154
12 0.17668269230769232 0.056490384615384616 0.06490384615384616 0.07451923076923077
10 0.25 0.6225961538461539 0.057692307692307696 0.1201923076923077
10 0.25961538461538464 0.052884615384615384 0.057692307692307696 0.07211538461538461
10 0.2668269230769231 0.203125 0.0625 0.11298076923076923
10 0.4266826923076923 0.28365384615384615 0.055288461538461536 0.11538461538461539
10 0.44591346153846156 0.75 0.06971153846153846 0.12980769230769232