6 0.4170673076923077 0.054086538461538464 0.055288461538461536 0.0889423076923077
6 0.13701923076923078 0.734375 0.08173076923076923 0.15625
2 0.19831730769230768 0.3485576923076923 0.08413461538461539 0.21634615384615385
5 0.4026442307692308 0.2776442307692308 0.07451923076923077 0.19471153846153846
4 0.29447115384615385 0.3894230769230769 0.06009615384615385 0.1201923076923077
4 0.32211538461538464 0.20192307692307693 0.052884615384615384 0.11057692307692307
4 0.3389423076923077 0.11177884615384616 0.04807692307692308 0.10336538461538461
4 0.49158653846153844 0.051682692307692304 0.05048076923076923 0.07932692307692307
4 0.3701923076923077 0.4987980769230769 0.052884615384615384 0.11778846153846154
4 0.4879807692307692 0.28846153846153844 0.052884615384615384 0.11057692307692307
3 0.4182692307692308 0.1045673076923077 0.04807692307692308 0.13701923076923078
3 0.5649038461538461 0.3858173076923077 0.07692307692307693 0.15144230769230768
7 0.5612980769230769 0.6069711538461539 0.07451923076923077 0.15144230769230768
8 0.8521634615384616 0.3605769230769231 0.0889423076923077 0.21634615384615385
11 0.6502403846153846 0.28365384615384615 0.07451923076923077 0.18269230769230768
9 0.6526442307692307 0.17548076923076922 0.06009615384615385 0.14423076923076922
9 0.8557692307692307 0.6117788461538461 0.09134615384615384 0.1658653846153846
12 0.7584134615384616 0.7596153846153846 0.07932692307692307 0.14903846153846154
12 0.8233173076923077 0.056490384615384616 0.06490384615384616 0.07451923076923077
10 0.75 0.6225961538461539 0.057692307692307696 0.1201923076923077
10 0.7403846153846154 0.052884615384615384 0.057692307692307696 0.07211538461538461
10 0.7331730769230769 0.203125 0.0625 0.11298076923076923
10 0.5733173076923077 0.28365384615384615 0.055288461538461536 0.11538461538461539
10 0.5540865384615384 0.75 0.06971153846153846 0.12980769230769232