6 0.5925480769230769 0.051682692307692304 0.055288461538461536 0.10336538461538461
6 0.8533653846153846 0.7319711538461539 0.07692307692307693 0.15144230769230768
2 0.8016826923076923 0.3557692307692308 0.07932692307692307 0.20673076923076922
5 0.6033653846153846 0.2764423076923077 0.0673076923076923 0.1875
4 0.7067307692307693 0.3894230769230769 0.052884615384615384 0.11538461538461539
4 0.6826923076923077 0.2091346153846154 0.04807692307692308 0.10576923076923077
4 0.6694711538461539 0.1201923076923077 0.04567307692307692 0.10096153846153846
4 0.5204326923076923 0.04567307692307692 0.05048076923076923 0.09134615384615384
4 0.6322115384615384 0.49399038461538464 0.04807692307692308 0.11298076923076923
4 0.5204326923076923 0.28125 0.05048076923076923 0.10576923076923077
3 0.5925480769230769 0.10817307692307693 0.04567307692307692 0.1346153846153846
3 0.44591346153846156 0.3713942307692308 0.06971153846153846 0.1466346153846154
7 0.44471153846153844 0.5841346153846154 0.0673076923076923 0.14903846153846154
8 0.1658653846153846 0.3317307692307692 0.08173076923076923 0.21153846153846154
11 0.36538461538461536 0.2692307692307692 0.0673076923076923 0.1778846153846154
9 0.3641826923076923 0.1658653846153846 0.055288461538461536 0.13942307692307693
9 0.15985576923076922 0.5733173076923077 0.08413461538461539 0.16105769230769232
12 0.2512019230769231 0.7223557692307693 0.07451923076923077 0.14182692307692307
12 0.20072115384615385 0.037259615384615384 0.06009615384615385 0.07451923076923077
10 0.2620192307692308 0.5913461538461539 0.052884615384615384 0.11538461538461539
10 0.2800480769230769 0.038461538461538464 0.055288461538461536 0.07692307692307693
10 0.2848557692307692 0.18509615384615385 0.06009615384615385 0.11057692307692307
10 0.4375 0.27283653846153844 0.052884615384615384 0.11298076923076923
10 0.45072115384615385 0.7247596153846154 0.06490384615384616 0.12740384615384615