6 0.5853365384615384 0.052884615384615384 0.05048076923076923 0.10576923076923077
6 0.84375 0.7283653846153846 0.07692307692307693 0.14903846153846154
2 0.7908653846153846 0.3557692307692308 0.07692307692307693 0.20673076923076922
5 0.5961538461538461 0.2800480769230769 0.0673076923076923 0.18509615384615385
4 0.6983173076923077 0.390625 0.055288461538461536 0.11298076923076923
4 0.6742788461538461 0.21153846153846154 0.04567307692307692 0.10576923076923077
4 0.6598557692307693 0.12379807692307693 0.04567307692307692 0.0985576923076923
4 0.5132211538461539 0.04927884615384615 0.05048076923076923 0.0985576923076923
4 0.6225961538461539 0.4951923076923077 0.04807692307692308 0.11057692307692307
4 0.5132211538461539 0.2860576923076923 0.05048076923076923 0.10576923076923077
3 0.5841346153846154 0.11298076923076923 0.04326923076923077 0.12980769230769232
3 0.4387019230769231 0.37740384615384615 0.06971153846153846 0.14423076923076922
7 0.4375 0.5901442307692307 0.0673076923076923 0.1466346153846154
8 0.16105769230769232 0.34134615384615385 0.08173076923076923 0.20673076923076922
11 0.3581730769230769 0.27524038461538464 0.0673076923076923 0.17548076923076922
9 0.35697115384615385 0.17307692307692307 0.055288461538461536 0.13942307692307693
9 0.15384615384615385 0.5841346153846154 0.08653846153846154 0.15865384615384615
12 0.24639423076923078 0.7295673076923077 0.07451923076923077 0.14182692307692307
12 0.1935096153846154 0.042067307692307696 0.06009615384615385 0.08413461538461539
10 0.2548076923076923 0.5985576923076923 0.052884615384615384 0.11538461538461539
10 0.27283653846153844 0.04326923076923077 0.055288461538461536 0.08653846153846154
10 0.27884615384615385 0.1935096153846154 0.057692307692307696 0.10817307692307693
10 0.42908653846153844 0.2776442307692308 0.05048076923076923 0.11298076923076923
10 0.44350961538461536 0.7283653846153846 0.06490384615384616 0.125