1 0.28125 0.6117788461538461 0.0625 0.1466346153846154
6 0.41225961538461536 0.07091346153846154 0.055288461538461536 0.11298076923076923
6 0.14903846153846154 0.7307692307692307 0.0673076923076923 0.1346153846153846
2 0.20432692307692307 0.36778846153846156 0.08173076923076923 0.1971153846153846
5 0.39783653846153844 0.2932692307692308 0.06009615384615385 0.16346153846153846
1 0.46274038461538464 0.5012019230769231 0.055288461538461536 0.13701923076923078
4 0.31971153846153844 0.23197115384615385 0.04807692307692308 0.0985576923076923
4 0.3317307692307692 0.1502403846153846 0.04326923076923077 0.09375
4 0.2956730769230769 0.4050480769230769 0.04807692307692308 0.10817307692307693
4 0.28365384615384615 0.5084134615384616 0.052884615384615384 0.10336538461538461
4 0.3425480769230769 0.7475961538461539 0.055288461538461536 0.11538461538461539
4 0.3737980769230769 0.6189903846153846 0.055288461538461536 0.10336538461538461
4 0.47836538461538464 0.30649038461538464 0.04807692307692308 0.0985576923076923
4 0.4795673076923077 0.0733173076923077 0.04567307692307692 0.10336538461538461
3 0.4098557692307692 0.1346153846153846 0.055288461538461536 0.12980769230769232
3 0.5528846153846154 0.4014423076923077 0.0673076923076923 0.1346153846153846
11 0.8076923076923077 0.2860576923076923 0.07211538461538461 0.1778846153846154
8 0.8221153846153846 0.37259615384615385 0.07692307692307693 0.1971153846153846
12 0.734375 0.7451923076923077 0.06490384615384616 0.13942307692307693
12 0.7932692307692307 0.0625 0.0625 0.10576923076923077
7 0.6370192307692307 0.06370192307692307 0.04807692307692308 0.11298076923076923
7 0.8329326923076923 0.4951923076923077 0.06490384615384616 0.13942307692307693
9 0.6322115384615384 0.20552884615384615 0.057692307692307696 0.13701923076923078
9 0.8233173076923077 0.6129807692307693 0.06971153846153846 0.14423076923076922
10 0.5576923076923077 0.3088942307692308 0.04326923076923077 0.10336538461538461
10 0.5685096153846154 0.14423076923076922 0.05048076923076923 0.10576923076923077
10 0.7151442307692307 0.06490384615384616 0.05048076923076923 0.10096153846153846
10 0.7151442307692307 0.23076923076923078 0.05048076923076923 0.10096153846153846
10 0.7199519230769231 0.41466346153846156 0.055288461538461536 0.0985576923076923
10 0.7259615384615384 0.5180288461538461 0.04807692307692308 0.10336538461538461
10 0.7247596153846154 0.6225961538461539 0.055288461538461536 0.11057692307692307
10 0.5384615384615384 0.7427884615384616 0.057692307692307696 0.11538461538461539