1 0.2860576923076923 0.6358173076923077 0.0673076923076923 0.15625
6 0.421875 0.07211538461538461 0.06009615384615385 0.11538461538461539
6 0.14903846153846154 0.7620192307692307 0.07211538461538461 0.13942307692307693
2 0.20552884615384615 0.38461538461538464 0.08413461538461539 0.20673076923076922
5 0.40625 0.3004807692307692 0.0625 0.17307692307692307
1 0.47596153846153844 0.5144230769230769 0.057692307692307696 0.14423076923076922
4 0.3269230769230769 0.2403846153846154 0.04807692307692308 0.10096153846153846
4 0.3389423076923077 0.15264423076923078 0.04326923076923077 0.0985576923076923
4 0.3004807692307692 0.421875 0.052884615384615384 0.11298076923076923
4 0.28846153846153844 0.5288461538461539 0.052884615384615384 0.10576923076923077
4 0.34975961538461536 0.7740384615384616 0.055288461538461536 0.1201923076923077
4 0.38221153846153844 0.6382211538461539 0.052884615384615384 0.10817307692307693
4 0.49278846153846156 0.3112980769230769 0.04807692307692308 0.10336538461538461
4 0.49158653846153844 0.07091346153846154 0.04567307692307692 0.10817307692307693
3 0.41947115384615385 0.13581730769230768 0.06009615384615385 0.13701923076923078
3 0.5685096153846154 0.40865384615384615 0.06971153846153846 0.13942307692307693
11 0.8317307692307693 0.27884615384615385 0.07692307692307693 0.18269230769230768
8 0.8473557692307693 0.36778846153846156 0.07932692307692307 0.20192307692307693
12 0.7560096153846154 0.7572115384615384 0.06971153846153846 0.14423076923076922
12 0.8161057692307693 0.054086538461538464 0.06490384615384616 0.0985576923076923
7 0.6538461538461539 0.06129807692307692 0.052884615384615384 0.10817307692307693
7 0.8605769230769231 0.4951923076923077 0.0673076923076923 0.14423076923076922
9 0.6502403846153846 0.20192307692307693 0.06009615384615385 0.14423076923076922
9 0.8473557692307693 0.6177884615384616 0.07451923076923077 0.14903846153846154
10 0.5733173076923077 0.3112980769230769 0.04567307692307692 0.10817307692307693
10 0.5841346153846154 0.140625 0.052884615384615384 0.10817307692307693
10 0.7355769230769231 0.056490384615384616 0.04807692307692308 0.10336538461538461
10 0.7355769230769231 0.2247596153846154 0.052884615384615384 0.10336538461538461
10 0.7403846153846154 0.41466346153846156 0.057692307692307696 0.10336538461538461
10 0.7487980769230769 0.5228365384615384 0.05048076923076923 0.10817307692307693
10 0.7463942307692307 0.6310096153846154 0.06009615384615385 0.11778846153846154
10 0.5528846153846154 0.7620192307692307 0.057692307692307696 0.1201923076923077