1 0.7055288461538461 0.6117788461538461 0.06490384615384616 0.15625
6 0.5757211538461539 0.055288461538461536 0.06009615384615385 0.11057692307692307
6 0.8401442307692307 0.734375 0.06971153846153846 0.14182692307692307
2 0.7884615384615384 0.3581730769230769 0.08173076923076923 0.20673076923076922
5 0.5877403846153846 0.2824519230769231 0.06009615384615385 0.17067307692307693
1 0.5180288461538461 0.49759615384615385 0.055288461538461536 0.13942307692307693
4 0.6682692307692307 0.21875 0.04807692307692308 0.10096153846153846
4 0.6574519230769231 0.1310096153846154 0.040865384615384616 0.0985576923076923
4 0.6923076923076923 0.39783653846153844 0.04807692307692308 0.11298076923076923
4 0.7043269230769231 0.5048076923076923 0.052884615384615384 0.10576923076923077
4 0.6382211538461539 0.7536057692307693 0.055288461538461536 0.11778846153846154
4 0.609375 0.6189903846153846 0.055288461538461536 0.10817307692307693
4 0.5024038461538461 0.29447115384615385 0.04807692307692308 0.10336538461538461
4 0.5048076923076923 0.054086538461538464 0.04326923076923077 0.10817307692307693
3 0.5769230769230769 0.11778846153846154 0.057692307692307696 0.1346153846153846
3 0.4254807692307692 0.3942307692307692 0.0673076923076923 0.13942307692307693
11 0.1622596153846154 0.27403846153846156 0.07451923076923077 0.18269230769230768
8 0.1466346153846154 0.3629807692307692 0.07692307692307693 0.20192307692307693
12 0.23317307692307693 0.75 0.0673076923076923 0.14423076923076922
12 0.18269230769230768 0.04807692307692308 0.0625 0.09615384615384616
7 0.34375 0.05048076923076923 0.04807692307692308 0.10096153846153846
7 0.13341346153846154 0.49158653846153844 0.06490384615384616 0.14182692307692307
9 0.34615384615384615 0.18990384615384615 0.057692307692307696 0.14423076923076922
9 0.14302884615384615 0.6129807692307693 0.06971153846153846 0.14903846153846154
10 0.421875 0.296875 0.04567307692307692 0.10817307692307693
10 0.41225961538461536 0.12740384615384615 0.05048076923076923 0.11057692307692307
10 0.26322115384615385 0.05048076923076923 0.05048076923076923 0.10096153846153846
10 0.2608173076923077 0.21754807692307693 0.05048076923076923 0.10336538461538461
10 0.25240384615384615 0.40625 0.057692307692307696 0.10096153846153846
10 0.24519230769230768 0.515625 0.04807692307692308 0.10817307692307693
10 0.24519230769230768 0.625 0.057692307692307696 0.11538461538461539
10 0.4375 0.7475961538461539 0.057692307692307696 0.1201923076923077