5 0.5204326923076923 0.4266826923076923 0.06971153846153846 0.18028846153846154
2 0.7752403846153846 0.296875 0.08413461538461539 0.21394230769230768
6 0.7944711538461539 0.43990384615384615 0.07451923076923077 0.13942307692307693
4 0.75 0.7944711538461539 0.0673076923076923 0.12259615384615384
4 0.6875 0.3449519230769231 0.052884615384615384 0.11298076923076923
4 0.5132211538461539 0.2620192307692308 0.05048076923076923 0.1201923076923077
4 0.5444711538461539 0.6742788461538461 0.06009615384615385 0.12740384615384615
4 0.609375 0.5444711538461539 0.06009615384615385 0.11778846153846154
4 0.4891826923076923 0.16947115384615385 0.055288461538461536 0.11298076923076923
6 0.5697115384615384 0.08173076923076923 0.057692307692307696 0.125
1 0.5997596153846154 0.15625 0.055288461538461536 0.15384615384615385
1 0.3485576923076923 0.546875 0.08173076923076923 0.15144230769230768
9 0.3485576923076923 0.32572115384615385 0.0625 0.13701923076923078
9 0.23557692307692307 0.8064903846153846 0.08653846153846154 0.15625
12 0.18990384615384615 0.09014423076923077 0.0625 0.13221153846153846
11 0.3389423076923077 0.15144230769230768 0.07211538461538461 0.1778846153846154
8 0.15504807692307693 0.41466346153846156 0.09375 0.21875
7 0.17668269230769232 0.15384615384615385 0.06490384615384616 0.14903846153846154
7 0.3545673076923077 0.4362980769230769 0.06971153846153846 0.15144230769230768
10 0.4098557692307692 0.08653846153846154 0.05048076923076923 0.10576923076923077
10 0.41346153846153844 0.24759615384615385 0.057692307692307696 0.11538461538461539
10 0.265625 0.16706730769230768 0.055288461538461536 0.11298076923076923
10 0.2548076923076923 0.34134615384615385 0.057692307692307696 0.1201923076923077
10 0.2548076923076923 0.44711538461538464 0.0625 0.11538461538461539
10 0.24278846153846154 0.6766826923076923 0.0673076923076923 0.12259615384615384