5 0.5144230769230769 0.39903846153846156 0.07692307692307693 0.1875
2 0.7800480769230769 0.27884615384615385 0.0889423076923077 0.22115384615384615
6 0.7956730769230769 0.4254807692307692 0.07692307692307693 0.14423076923076922
4 0.7379807692307693 0.7896634615384616 0.07211538461538461 0.12740384615384615
4 0.6862980769230769 0.3233173076923077 0.055288461538461536 0.11778846153846154
4 0.5108173076923077 0.23197115384615385 0.055288461538461536 0.12740384615384615
4 0.5300480769230769 0.6550480769230769 0.06490384615384616 0.13221153846153846
4 0.5997596153846154 0.5252403846153846 0.06490384615384616 0.12259615384615384
4 0.4879807692307692 0.1346153846153846 0.057692307692307696 0.1201923076923077
6 0.5745192307692307 0.056490384615384616 0.0625 0.11298076923076923
1 0.6021634615384616 0.125 0.06009615384615385 0.15865384615384615
1 0.33413461538461536 0.515625 0.08653846153846154 0.15625
9 0.3389423076923077 0.28725961538461536 0.0673076923076923 0.14182692307692307
9 0.2091346153846154 0.7764423076923077 0.09134615384615384 0.16346153846153846
12 0.18509615384615385 0.054086538461538464 0.0673076923076923 0.10817307692307693
11 0.33653846153846156 0.10817307692307693 0.07692307692307693 0.18269230769230768
8 0.13942307692307693 0.3701923076923077 0.10096153846153846 0.22596153846153846
7 0.16947115384615385 0.10336538461538461 0.06971153846153846 0.15384615384615385
7 0.34375 0.4014423076923077 0.07211538461538461 0.15384615384615385
10 0.4098557692307692 0.05048076923076923 0.055288461538461536 0.10096153846153846
10 0.4098557692307692 0.2091346153846154 0.06009615384615385 0.1201923076923077
10 0.25961538461538464 0.12139423076923077 0.057692307692307696 0.11778846153846154
10 0.2439903846153846 0.3004807692307692 0.06009615384615385 0.125
10 0.2403846153846154 0.40625 0.0673076923076923 0.1201923076923077
10 0.22115384615384615 0.6430288461538461 0.07211538461538461 0.12740384615384615