5 0.5216346153846154 0.39783653846153844 0.07211538461538461 0.18028846153846154
2 0.7764423076923077 0.27884615384615385 0.08173076923076923 0.21634615384615385
6 0.7956730769230769 0.421875 0.07211538461538461 0.13701923076923078
4 0.7487980769230769 0.7752403846153846 0.06490384615384616 0.12259615384615384
4 0.6887019230769231 0.3233173076923077 0.05048076923076923 0.11298076923076923
4 0.515625 0.234375 0.05048076923076923 0.12259615384615384
4 0.5444711538461539 0.6478365384615384 0.06009615384615385 0.12740384615384615
4 0.609375 0.5192307692307693 0.06009615384615385 0.1201923076923077
4 0.49038461538461536 0.13942307692307693 0.052884615384615384 0.11538461538461539
6 0.5733173076923077 0.05889423076923077 0.055288461538461536 0.11778846153846154
1 0.6021634615384616 0.13221153846153846 0.055288461538461536 0.15384615384615385
1 0.34975961538461536 0.5132211538461539 0.07932692307692307 0.15144230769230768
9 0.3485576923076923 0.29086538461538464 0.0625 0.13942307692307693
9 0.234375 0.765625 0.08413461538461539 0.15625
12 0.19230769230769232 0.056490384615384616 0.0625 0.11298076923076923
11 0.3425480769230769 0.11538461538461539 0.06971153846153846 0.1778846153846154
8 0.15745192307692307 0.37259615384615385 0.09375 0.22115384615384615
7 0.18028846153846154 0.11057692307692307 0.0625 0.14903846153846154
7 0.3557692307692308 0.40024038461538464 0.0673076923076923 0.15144230769230768
10 0.41225961538461536 0.054086538461538464 0.05048076923076923 0.10817307692307693
10 0.41466346153846156 0.21394230769230768 0.055288461538461536 0.11538461538461539
10 0.2692307692307692 0.12860576923076922 0.052884615384615384 0.11298076923076923
10 0.25600961538461536 0.30288461538461536 0.055288461538461536 0.1201923076923077
10 0.2548076923076923 0.40625 0.0625 0.11538461538461539
10 0.24278846153846154 0.6346153846153846 0.0673076923076923 0.125