12 0.8221153846153846 0.10697115384615384 0.0625 0.13221153846153846
8 0.8533653846153846 0.3317307692307692 0.09134615384615384 0.21153846153846154
7 0.8341346153846154 0.16706730769230768 0.0625 0.15144230769230768
11 0.6670673076923077 0.16105769230769232 0.07451923076923077 0.19230769230769232
9 0.7752403846153846 0.8305288461538461 0.0889423076923077 0.1658653846153846
10 0.7439903846153846 0.18389423076923078 0.055288461538461536 0.11778846153846154
10 0.7572115384615384 0.3629807692307692 0.052884615384615384 0.11538461538461539
10 0.7536057692307693 0.46634615384615385 0.06009615384615385 0.1201923076923077
10 0.6514423076923077 0.5925480769230769 0.0625 0.11778846153846154
2 0.2247596153846154 0.30528846153846156 0.09375 0.21634615384615385
1 0.40625 0.1658653846153846 0.057692307692307696 0.15865384615384615
6 0.43509615384615385 0.08533653846153846 0.057692307692307696 0.14182692307692307
6 0.49399038461538464 0.3605769230769231 0.06490384615384616 0.13942307692307693
3 0.7644230769230769 0.6778846153846154 0.07692307692307693 0.17307692307692307
3 0.6598557692307693 0.46274038461538464 0.06971153846153846 0.16105769230769232
4 0.5889423076923077 0.19591346153846154 0.052884615384615384 0.11298076923076923
4 0.3137019230769231 0.3545673076923077 0.05048076923076923 0.11778846153846154
4 0.47716346153846156 0.8401442307692307 0.06009615384615385 0.12259615384615384
4 0.4567307692307692 0.6947115384615384 0.057692307692307696 0.1201923076923077
4 0.3918269230769231 0.5600961538461539 0.057692307692307696 0.125