12 0.1935096153846154 0.0889423076923077 0.06490384615384616 0.12980769230769232
8 0.1622596153846154 0.3173076923076923 0.09375 0.21153846153846154
7 0.18028846153846154 0.1502403846153846 0.0625 0.15144230769230768
11 0.34975961538461536 0.1466346153846154 0.07451923076923077 0.19230769230769232
9 0.2439903846153846 0.8257211538461539 0.09375 0.1658653846153846
10 0.27283653846153844 0.16947115384615385 0.055288461538461536 0.11778846153846154
10 0.2608173076923077 0.3485576923076923 0.055288461538461536 0.11538461538461539
10 0.2620192307692308 0.4567307692307692 0.0625 0.1201923076923077
10 0.36899038461538464 0.5865384615384616 0.06490384615384616 0.1201923076923077
2 0.8004807692307693 0.30649038461538464 0.09615384615384616 0.21875
1 0.6153846153846154 0.15985576923076922 0.057692307692307696 0.16105769230769232
6 0.5853365384615384 0.07572115384615384 0.06009615384615385 0.14182692307692307
6 0.5264423076923077 0.3545673076923077 0.0673076923076923 0.14182692307692307
3 0.25240384615384615 0.671875 0.08173076923076923 0.17548076923076922
3 0.3581730769230769 0.4543269230769231 0.07211538461538461 0.15865384615384615
4 0.42908653846153844 0.18629807692307693 0.055288461538461536 0.11298076923076923
4 0.7103365384615384 0.35336538461538464 0.05048076923076923 0.1201923076923077
4 0.546875 0.84375 0.06490384615384616 0.125
4 0.5673076923076923 0.6947115384615384 0.0625 0.1201923076923077
4 0.6334134615384616 0.5600961538461539 0.06009615384615385 0.125