12 0.8497596153846154 0.08774038461538461 0.06490384615384616 0.13221153846153846
8 0.8894230769230769 0.3161057692307692 0.09615384615384616 0.21394230769230768
7 0.8641826923076923 0.14903846153846154 0.06490384615384616 0.15384615384615385
11 0.6947115384615384 0.14783653846153846 0.07692307692307693 0.19471153846153846
9 0.828125 0.8293269230769231 0.09375 0.16826923076923078
10 0.7740384615384616 0.16826923076923078 0.057692307692307696 0.1201923076923077
10 0.7920673076923077 0.34975961538461536 0.055288461538461536 0.11778846153846154
10 0.7932692307692307 0.4567307692307692 0.0625 0.1201923076923077
10 0.6947115384615384 0.5901442307692307 0.0673076923076923 0.11778846153846154
2 0.24759615384615385 0.3161057692307692 0.09615384615384616 0.21875
1 0.42908653846153844 0.16466346153846154 0.06009615384615385 0.16105769230769232
6 0.45552884615384615 0.08052884615384616 0.06009615384615385 0.14182692307692307
6 0.5240384615384616 0.3605769230769231 0.0673076923076923 0.14423076923076922
3 0.8125 0.6742788461538461 0.08173076923076923 0.17548076923076922
3 0.6971153846153846 0.4579326923076923 0.07211538461538461 0.16105769230769232
4 0.6153846153846154 0.1875 0.057692307692307696 0.11538461538461539
4 0.3389423076923077 0.3605769230769231 0.052884615384615384 0.1201923076923077
4 0.5252403846153846 0.8509615384615384 0.06490384615384616 0.125
4 0.49759615384615385 0.7019230769230769 0.0625 0.125
4 0.42788461538461536 0.5697115384615384 0.0625 0.125