5 0.390625 0.296875 0.07932692307692307 0.18509615384615385
3 0.5516826923076923 0.4074519230769231 0.07451923076923077 0.1466346153846154
7 0.5588942307692307 0.6129807692307693 0.07451923076923077 0.15384615384615385
11 0.6346153846153846 0.2980769230769231 0.07211538461538461 0.1778846153846154
9 0.8389423076923077 0.6105769230769231 0.07692307692307693 0.16826923076923078
8 0.7331730769230769 0.3798076923076923 0.08173076923076923 0.20192307692307693
12 0.7920673076923077 0.06129807692307692 0.06490384615384616 0.11298076923076923
12 0.75 0.7596153846153846 0.08653846153846154 0.14423076923076922
10 0.7427884615384616 0.6274038461538461 0.0673076923076923 0.11057692307692307
10 0.7127403846153846 0.22235576923076922 0.06009615384615385 0.10817307692307693
10 0.7103365384615384 0.0625 0.06009615384615385 0.10576923076923077
10 0.5552884615384616 0.3112980769230769 0.04807692307692308 0.10336538461538461
10 0.5528846153846154 0.7524038461538461 0.0673076923076923 0.1201923076923077
4 0.4723557692307692 0.06850961538461539 0.055288461538461536 0.10336538461538461
4 0.31009615384615385 0.23677884615384615 0.057692307692307696 0.11298076923076923
4 0.32572115384615385 0.1466346153846154 0.055288461538461536 0.10576923076923077
4 0.47596153846153844 0.3088942307692308 0.057692307692307696 0.10817307692307693
4 0.3713942307692308 0.5168269230769231 0.06009615384615385 0.1201923076923077
4 0.2932692307692308 0.41466346153846156 0.057692307692307696 0.11778846153846154
2 0.19831730769230768 0.375 0.08413461538461539 0.21153846153846154
6 0.15384615384615385 0.7487980769230769 0.08653846153846154 0.1466346153846154