5 0.6129807692307693 0.2848557692307692 0.08173076923076923 0.18509615384615385
3 0.4567307692307692 0.3918269230769231 0.07692307692307693 0.14423076923076922
7 0.45913461538461536 0.5973557692307693 0.07692307692307693 0.15625
11 0.3701923076923077 0.2800480769230769 0.07211538461538461 0.18028846153846154
9 0.18028846153846154 0.5877403846153846 0.08173076923076923 0.1658653846153846
8 0.27524038461538464 0.3581730769230769 0.08413461538461539 0.20192307692307693
12 0.203125 0.04927884615384615 0.06971153846153846 0.0985576923076923
12 0.27283653846153844 0.7379807692307693 0.0889423076923077 0.14423076923076922
10 0.27524038461538464 0.6069711538461539 0.06490384615384616 0.11298076923076923
10 0.28966346153846156 0.20432692307692307 0.06009615384615385 0.11057692307692307
10 0.2848557692307692 0.04807692307692308 0.06009615384615385 0.09615384615384616
10 0.4483173076923077 0.2956730769230769 0.05048076923076923 0.10576923076923077
10 0.47115384615384615 0.7355769230769231 0.0673076923076923 0.1201923076923077
4 0.5216346153846154 0.055288461538461536 0.057692307692307696 0.10576923076923077
4 0.6887019230769231 0.22596153846153846 0.06009615384615385 0.11057692307692307
4 0.6694711538461539 0.13701923076923078 0.055288461538461536 0.10576923076923077
4 0.5276442307692307 0.29447115384615385 0.06009615384615385 0.10817307692307693
4 0.6394230769230769 0.5048076923076923 0.0625 0.1201923076923077
4 0.7139423076923077 0.40384615384615385 0.057692307692307696 0.11538461538461539
2 0.8064903846153846 0.36658653846153844 0.0889423076923077 0.2091346153846154
6 0.8665865384615384 0.7415865384615384 0.0889423076923077 0.1466346153846154