6 0.8653846153846154 0.7536057692307693 0.08173076923076923 0.14182692307692307
12 0.6622596153846154 0.7355769230769231 0.06971153846153846 0.14423076923076922
2 0.7475961538461539 0.6057692307692307 0.09134615384615384 0.20192307692307693
5 0.6165865384615384 0.29447115384615385 0.06971153846153846 0.18028846153846154
4 0.7175480769230769 0.4098557692307692 0.06009615384615385 0.11778846153846154
4 0.6971153846153846 0.22956730769230768 0.052884615384615384 0.11298076923076923
4 0.6430288461538461 0.5108173076923077 0.05048076923076923 0.11298076923076923
3 0.453125 0.3942307692307692 0.06971153846153846 0.13942307692307693
4 0.53125 0.2980769230769231 0.04807692307692308 0.10576923076923077
9 0.5240384615384616 0.12740384615384615 0.057692307692307696 0.13942307692307693
9 0.4639423076923077 0.7403846153846154 0.07211538461538461 0.15865384615384615
7 0.4543269230769231 0.6069711538461539 0.057692307692307696 0.1466346153846154
11 0.37259615384615385 0.28725961538461536 0.0625 0.18028846153846154
8 0.2776442307692308 0.3641826923076923 0.07451923076923077 0.2091346153846154
12 0.21514423076923078 0.055288461538461536 0.05048076923076923 0.09134615384615384
10 0.45072115384615385 0.3004807692307692 0.05048076923076923 0.10576923076923077
10 0.2932692307692308 0.052884615384615384 0.052884615384615384 0.09134615384615384
10 0.2956730769230769 0.20793269230769232 0.052884615384615384 0.10817307692307693
10 0.2704326923076923 0.6153846153846154 0.06490384615384616 0.11538461538461539