11 0.1658653846153846 0.25240384615384615 0.07211538461538461 0.18269230769230768
8 0.14783653846153846 0.3473557692307692 0.07451923076923077 0.20432692307692307
9 0.35336538461538464 0.16947115384615385 0.0625 0.1466346153846154
9 0.14423076923076922 0.5973557692307693 0.07211538461538461 0.15144230769230768
12 0.2403846153846154 0.7463942307692307 0.0673076923076923 0.14182692307692307
12 0.18629807692307693 0.037259615384615384 0.06009615384615385 0.07451923076923077
7 0.13581730769230768 0.47716346153846156 0.06490384615384616 0.1466346153846154
7 0.35216346153846156 0.036057692307692304 0.055288461538461536 0.07211538461538461
10 0.4326923076923077 0.27524038461538464 0.04326923076923077 0.0985576923076923
10 0.421875 0.11057692307692307 0.040865384615384616 0.10096153846153846
10 0.2692307692307692 0.037259615384615384 0.04807692307692308 0.07451923076923077
10 0.265625 0.19591346153846154 0.04567307692307692 0.10336538461538461
10 0.25961538461538464 0.3954326923076923 0.057692307692307696 0.10336538461538461
10 0.24879807692307693 0.5048076923076923 0.05048076923076923 0.11057692307692307
10 0.25 0.6129807692307693 0.052884615384615384 0.11538461538461539
10 0.44471153846153844 0.7403846153846154 0.057692307692307696 0.11538461538461539
3 0.59375 0.09735576923076923 0.04807692307692308 0.14182692307692307
3 0.4362980769230769 0.37740384615384615 0.06490384615384616 0.14903846153846154
5 0.8052884615384616 0.265625 0.0673076923076923 0.15625
2 0.8088942307692307 0.35096153846153844 0.07932692307692307 0.1971153846153846
6 0.5913461538461539 0.04447115384615385 0.052884615384615384 0.0889423076923077
6 0.8653846153846154 0.7427884615384616 0.07692307692307693 0.13942307692307693
1 0.7668269230769231 0.18389423076923078 0.04326923076923077 0.14182692307692307
1 0.7247596153846154 0.6117788461538461 0.06009615384615385 0.1466346153846154
4 0.7211538461538461 0.5012019230769231 0.057692307692307696 0.10336538461538461
4 0.7091346153846154 0.3894230769230769 0.052884615384615384 0.11057692307692307
4 0.6262019230769231 0.6177884615384616 0.055288461538461536 0.11057692307692307
4 0.6526442307692307 0.7487980769230769 0.055288461538461536 0.11298076923076923
4 0.6838942307692307 0.20432692307692307 0.05048076923076923 0.10096153846153846
4 0.6730769230769231 0.11538461538461539 0.04326923076923077 0.10576923076923077
4 0.5192307692307693 0.040865384615384616 0.04326923076923077 0.08173076923076923
4 0.5180288461538461 0.2800480769230769 0.04567307692307692 0.10817307692307693