11 0.8064903846153846 0.26802884615384615 0.07451923076923077 0.17548076923076922
8 0.8221153846153846 0.3581730769230769 0.07692307692307693 0.1971153846153846
9 0.6274038461538461 0.18389423076923078 0.0625 0.14182692307692307
9 0.8197115384615384 0.5997596153846154 0.07211538461538461 0.1466346153846154
12 0.7247596153846154 0.7415865384615384 0.06971153846153846 0.13701923076923078
12 0.7920673076923077 0.04807692307692308 0.06009615384615385 0.09615384615384616
7 0.8305288461538461 0.484375 0.06490384615384616 0.14182692307692307
7 0.6334134615384616 0.04567307692307692 0.055288461538461536 0.09134615384615384
10 0.5504807692307693 0.2860576923076923 0.04326923076923077 0.09615384615384616
10 0.5612980769230769 0.12740384615384615 0.040865384615384616 0.09615384615384616
10 0.7115384615384616 0.04807692307692308 0.04807692307692308 0.09615384615384616
10 0.7127403846153846 0.21153846153846154 0.04567307692307692 0.10096153846153846
10 0.7127403846153846 0.40384615384615385 0.055288461538461536 0.10096153846153846
10 0.7199519230769231 0.5084134615384616 0.05048076923076923 0.10817307692307693
10 0.7175480769230769 0.6141826923076923 0.055288461538461536 0.11298076923076923
10 0.5264423076923077 0.7331730769230769 0.057692307692307696 0.11057692307692307
3 0.39783653846153844 0.1141826923076923 0.05048076923076923 0.13701923076923078
3 0.5420673076923077 0.38461538461538464 0.06490384615384616 0.14423076923076922
5 0.19110576923076922 0.27283653846153844 0.06971153846153846 0.15144230769230768
2 0.18629807692307693 0.3545673076923077 0.07932692307692307 0.18990384615384615
6 0.4026442307692308 0.051682692307692304 0.05048076923076923 0.10336538461538461
6 0.12259615384615384 0.7307692307692307 0.07692307692307693 0.1346153846153846
1 0.22956730769230768 0.1935096153846154 0.04567307692307692 0.13701923076923078
1 0.2608173076923077 0.6081730769230769 0.06490384615384616 0.14423076923076922
4 0.2668269230769231 0.5012019230769231 0.057692307692307696 0.0985576923076923
4 0.2800480769230769 0.39302884615384615 0.055288461538461536 0.10817307692307693
4 0.3557692307692308 0.6141826923076923 0.057692307692307696 0.10817307692307693
4 0.3269230769230769 0.7391826923076923 0.057692307692307696 0.10817307692307693
4 0.3088942307692308 0.21514423076923078 0.05048076923076923 0.0985576923076923
4 0.32211538461538464 0.12980769230769232 0.04326923076923077 0.10096153846153846
4 0.47115384615384615 0.04927884615384615 0.04326923076923077 0.0985576923076923
4 0.46875 0.29086538461538464 0.04326923076923077 0.10576923076923077