2 0.78125 0.59375 0.08173076923076923 0.21634615384615385
6 0.9182692307692307 0.7439903846153846 0.07692307692307693 0.15144230769230768
12 0.6971153846153846 0.7451923076923077 0.07692307692307693 0.14903846153846154
4 0.7271634615384616 0.1814903846153846 0.055288461538461536 0.11298076923076923
4 0.6730769230769231 0.49759615384615385 0.057692307692307696 0.11057692307692307
5 0.6382211538461539 0.25841346153846156 0.06971153846153846 0.18990384615384615
3 0.46875 0.3870192307692308 0.0673076923076923 0.15384615384615385
4 0.5480769230769231 0.27884615384615385 0.04807692307692308 0.11057692307692307
11 0.3786057692307692 0.2776442307692308 0.07451923076923077 0.18509615384615385
8 0.27524038461538464 0.375 0.07451923076923077 0.21634615384615385
12 0.18269230769230768 0.19591346153846154 0.0673076923076923 0.13701923076923078
10 0.46033653846153844 0.28365384615384615 0.05048076923076923 0.11057692307692307
10 0.3786057692307692 0.1141826923076923 0.055288461538461536 0.11778846153846154
10 0.28725961538461536 0.037259615384615384 0.05048076923076923 0.07451923076923077
10 0.27283653846153844 0.6490384615384616 0.06009615384615385 0.12980769230769232