2 0.27163461538461536 0.6466346153846154 0.07692307692307693 0.20192307692307693
6 0.14182692307692307 0.7884615384615384 0.07211538461538461 0.13942307692307693
12 0.3485576923076923 0.7860576923076923 0.07211538461538461 0.13942307692307693
4 0.3245192307692308 0.25841346153846156 0.052884615384615384 0.10336538461538461
4 0.3737980769230769 0.5540865384615384 0.055288461538461536 0.10336538461538461
5 0.40625 0.33052884615384615 0.0673076923076923 0.17548076923076922
3 0.5637019230769231 0.4483173076923077 0.06490384615384616 0.14182692307692307
4 0.49158653846153844 0.3473557692307692 0.04567307692307692 0.10336538461538461
11 0.6502403846153846 0.34615384615384615 0.06971153846153846 0.17307692307692307
8 0.7439903846153846 0.4362980769230769 0.06971153846153846 0.19951923076923078
12 0.8329326923076923 0.2668269230769231 0.06490384615384616 0.12980769230769232
10 0.5733173076923077 0.35216346153846156 0.04567307692307692 0.10336538461538461
10 0.6502403846153846 0.19230769230769232 0.05048076923076923 0.11057692307692307
10 0.7355769230769231 0.10096153846153846 0.04807692307692308 0.10576923076923077
10 0.7463942307692307 0.6911057692307693 0.06009615384615385 0.12259615384615384