2 0.7283653846153846 0.6466346153846154 0.07692307692307693 0.20192307692307693
6 0.8581730769230769 0.7884615384615384 0.07211538461538461 0.13942307692307693
12 0.6514423076923077 0.7860576923076923 0.07211538461538461 0.13942307692307693
4 0.6754807692307693 0.25841346153846156 0.052884615384615384 0.10336538461538461
4 0.6262019230769231 0.5540865384615384 0.055288461538461536 0.10336538461538461
5 0.59375 0.33052884615384615 0.0673076923076923 0.17548076923076922
3 0.4362980769230769 0.4483173076923077 0.06490384615384616 0.14182692307692307
4 0.5084134615384616 0.3473557692307692 0.04567307692307692 0.10336538461538461
11 0.34975961538461536 0.34615384615384615 0.06971153846153846 0.17307692307692307
8 0.25600961538461536 0.4362980769230769 0.06971153846153846 0.19951923076923078
12 0.16706730769230768 0.2668269230769231 0.06490384615384616 0.12980769230769232
10 0.4266826923076923 0.35216346153846156 0.04567307692307692 0.10336538461538461
10 0.34975961538461536 0.19230769230769232 0.05048076923076923 0.11057692307692307
10 0.2644230769230769 0.10096153846153846 0.04807692307692308 0.10576923076923077
10 0.2536057692307692 0.6911057692307693 0.06009615384615385 0.12259615384615384