2 0.7331730769230769 0.6466346153846154 0.07692307692307693 0.20192307692307693
6 0.8617788461538461 0.7884615384615384 0.06971153846153846 0.13942307692307693
12 0.6538461538461539 0.7872596153846154 0.07211538461538461 0.14182692307692307
4 0.6814903846153846 0.2620192307692308 0.05048076923076923 0.10576923076923077
4 0.6298076923076923 0.5564903846153846 0.052884615384615384 0.10336538461538461
5 0.5997596153846154 0.33413461538461536 0.06490384615384616 0.1778846153846154
3 0.4411057692307692 0.4519230769230769 0.06490384615384616 0.14423076923076922
4 0.5132211538461539 0.35216346153846156 0.04567307692307692 0.10336538461538461
11 0.35697115384615385 0.35096153846153844 0.06971153846153846 0.17307692307692307
8 0.2608173076923077 0.4423076923076923 0.06971153846153846 0.20192307692307693
12 0.17307692307692307 0.27403846153846156 0.0625 0.12980769230769232
10 0.4338942307692308 0.35697115384615385 0.04567307692307692 0.10336538461538461
10 0.3557692307692308 0.1971153846153846 0.052884615384615384 0.11057692307692307
10 0.2704326923076923 0.10817307692307693 0.04567307692307692 0.10576923076923077
10 0.25721153846153844 0.6983173076923077 0.057692307692307696 0.12259615384615384