2 0.7644230769230769 0.3088942307692308 0.08653846153846154 0.2091346153846154
1 0.59375 0.15985576923076922 0.057692307692307696 0.15625
1 0.3401442307692308 0.5480769230769231 0.07451923076923077 0.15384615384615385
3 0.5877403846153846 0.34375 0.06490384615384616 0.15384615384615385
3 0.4182692307692308 0.7956730769230769 0.08653846153846154 0.16826923076923078
6 0.5697115384615384 0.08533653846153846 0.057692307692307696 0.13221153846153846
6 0.5072115384615384 0.44591346153846156 0.07211538461538461 0.14182692307692307
4 0.7223557692307693 0.8016826923076923 0.07451923076923077 0.13221153846153846
4 0.6766826923076923 0.34975961538461536 0.06009615384615385 0.11298076923076923
4 0.484375 0.17668269230769232 0.05048076923076923 0.11298076923076923
4 0.41225961538461536 0.18269230769230768 0.06009615384615385 0.11057692307692307
4 0.5961538461538461 0.5504807692307693 0.0625 0.1201923076923077
4 0.5252403846153846 0.6790865384615384 0.06971153846153846 0.12740384615384615
8 0.14182692307692307 0.40865384615384615 0.09134615384615384 0.21634615384615385
9 0.20432692307692307 0.796875 0.08173076923076923 0.1658653846153846
11 0.33533653846153844 0.1466346153846154 0.06971153846153846 0.18269230769230768
12 0.19110576923076922 0.08052884615384616 0.06490384615384616 0.12740384615384615
7 0.33774038461538464 0.42788461538461536 0.06971153846153846 0.15384615384615385
7 0.17548076923076922 0.14543269230769232 0.0625 0.15144230769230768
10 0.40625 0.0829326923076923 0.057692307692307696 0.10817307692307693
10 0.2620192307692308 0.1658653846153846 0.057692307692307696 0.11057692307692307
10 0.24158653846153846 0.33774038461538464 0.055288461538461536 0.11298076923076923
10 0.24158653846153846 0.4423076923076923 0.06490384615384616 0.11538461538461539
10 0.22355769230769232 0.6742788461538461 0.07211538461538461 0.12259615384615384