2 0.23557692307692307 0.3088942307692308 0.08653846153846154 0.2091346153846154
1 0.40625 0.15985576923076922 0.057692307692307696 0.15625
1 0.6598557692307693 0.5480769230769231 0.07451923076923077 0.15384615384615385
3 0.41225961538461536 0.34375 0.06490384615384616 0.15384615384615385
3 0.5817307692307693 0.7956730769230769 0.08653846153846154 0.16826923076923078
6 0.43028846153846156 0.08533653846153846 0.057692307692307696 0.13221153846153846
6 0.49278846153846156 0.44591346153846156 0.07211538461538461 0.14182692307692307
4 0.2776442307692308 0.8016826923076923 0.07451923076923077 0.13221153846153846
4 0.3233173076923077 0.34975961538461536 0.06009615384615385 0.11298076923076923
4 0.515625 0.17668269230769232 0.05048076923076923 0.11298076923076923
4 0.5877403846153846 0.18269230769230768 0.06009615384615385 0.11057692307692307
4 0.40384615384615385 0.5504807692307693 0.0625 0.1201923076923077
4 0.47475961538461536 0.6790865384615384 0.06971153846153846 0.12740384615384615
8 0.8581730769230769 0.40865384615384615 0.09134615384615384 0.21634615384615385
9 0.7956730769230769 0.796875 0.08173076923076923 0.1658653846153846
11 0.6646634615384616 0.1466346153846154 0.06971153846153846 0.18269230769230768
12 0.8088942307692307 0.08052884615384616 0.06490384615384616 0.12740384615384615
7 0.6622596153846154 0.42788461538461536 0.06971153846153846 0.15384615384615385
7 0.8245192307692307 0.14543269230769232 0.0625 0.15144230769230768
10 0.59375 0.0829326923076923 0.057692307692307696 0.10817307692307693
10 0.7379807692307693 0.1658653846153846 0.057692307692307696 0.11057692307692307
10 0.7584134615384616 0.33774038461538464 0.055288461538461536 0.11298076923076923
10 0.7584134615384616 0.4423076923076923 0.06490384615384616 0.11538461538461539
10 0.7764423076923077 0.6742788461538461 0.07211538461538461 0.12259615384615384