2 0.7980769230769231 0.2848557692307692 0.08653846153846154 0.21875
1 0.6153846153846154 0.12740384615384615 0.057692307692307696 0.16346153846153846
1 0.3581730769230769 0.53125 0.07211538461538461 0.15865384615384615
3 0.6117788461538461 0.32091346153846156 0.06490384615384616 0.16105769230769232
3 0.44350961538461536 0.7896634615384616 0.0889423076923077 0.17548076923076922
6 0.5901442307692307 0.06610576923076923 0.06009615384615385 0.10817307692307693
6 0.53125 0.4254807692307692 0.07211538461538461 0.14903846153846154
4 0.7608173076923077 0.7992788461538461 0.07451923076923077 0.14182692307692307
4 0.7043269230769231 0.3269230769230769 0.057692307692307696 0.1201923076923077
4 0.5012019230769231 0.14543269230769232 0.05048076923076923 0.11778846153846154
4 0.4254807692307692 0.1502403846153846 0.0625 0.11778846153846154
4 0.6237980769230769 0.5384615384615384 0.06009615384615385 0.125
4 0.5528846153846154 0.6694711538461539 0.0673076923076923 0.13221153846153846
8 0.14783653846153846 0.38461538461538464 0.0889423076923077 0.22596153846153846
9 0.22115384615384615 0.7908653846153846 0.08173076923076923 0.17307692307692307
11 0.34615384615384615 0.11298076923076923 0.0673076923076923 0.19230769230769232
12 0.19230769230769232 0.057692307692307696 0.0673076923076923 0.10576923076923077
7 0.35336538461538464 0.40625 0.0673076923076923 0.15865384615384615
7 0.1778846153846154 0.11057692307692307 0.0625 0.15865384615384615
10 0.4182692307692308 0.056490384615384616 0.057692307692307696 0.09375
10 0.26802884615384615 0.1346153846153846 0.055288461538461536 0.11538461538461539
10 0.25 0.3112980769230769 0.057692307692307696 0.11778846153846154
10 0.2512019230769231 0.41947115384615385 0.06490384615384616 0.12259615384615384
10 0.23798076923076922 0.6634615384615384 0.07211538461538461 0.12980769230769232