2 0.7668269230769231 0.29927884615384615 0.08173076923076923 0.20432692307692307
1 0.5973557692307693 0.15384615384615385 0.055288461538461536 0.15384615384615385
1 0.35216346153846156 0.5396634615384616 0.06971153846153846 0.15144230769230768
3 0.5913461538461539 0.33533653846153844 0.0625 0.15144230769230768
3 0.43149038461538464 0.78125 0.08413461538461539 0.16346153846153846
6 0.5721153846153846 0.08173076923076923 0.057692307692307696 0.12980769230769232
6 0.515625 0.43509615384615385 0.06971153846153846 0.13942307692307693
4 0.7307692307692307 0.7860576923076923 0.07211538461538461 0.12980769230769232
4 0.6790865384615384 0.3401442307692308 0.055288461538461536 0.11298076923076923
4 0.4879807692307692 0.17307692307692307 0.04807692307692308 0.11057692307692307
4 0.4182692307692308 0.1778846153846154 0.057692307692307696 0.11057692307692307
4 0.6021634615384616 0.5396634615384616 0.06009615384615385 0.11778846153846154
4 0.5336538461538461 0.6658653846153846 0.0673076923076923 0.125
8 0.15384615384615385 0.40384615384615385 0.08653846153846154 0.21153846153846154
9 0.21995192307692307 0.7860576923076923 0.07932692307692307 0.16346153846153846
11 0.3425480769230769 0.14423076923076922 0.06490384615384616 0.1778846153846154
12 0.1971153846153846 0.08052884615384616 0.0625 0.12740384615384615
7 0.3485576923076923 0.421875 0.0673076923076923 0.15144230769230768
7 0.18389423076923078 0.14543269230769232 0.06009615384615385 0.1466346153846154
10 0.4110576923076923 0.08173076923076923 0.052884615384615384 0.10576923076923077
10 0.2692307692307692 0.16466346153846154 0.052884615384615384 0.10817307692307693
10 0.2512019230769231 0.33413461538461536 0.055288461538461536 0.11057692307692307
10 0.25240384615384615 0.4362980769230769 0.0625 0.11298076923076923
10 0.23677884615384615 0.6646634615384616 0.06971153846153846 0.12259615384615384