2 0.20192307692307693 0.2848557692307692 0.08653846153846154 0.21875
1 0.38461538461538464 0.12740384615384615 0.057692307692307696 0.16346153846153846
1 0.6418269230769231 0.53125 0.07211538461538461 0.15865384615384615
3 0.38822115384615385 0.32091346153846156 0.06490384615384616 0.16105769230769232
3 0.5564903846153846 0.7896634615384616 0.0889423076923077 0.17548076923076922
6 0.4098557692307692 0.06610576923076923 0.06009615384615385 0.10817307692307693
6 0.46875 0.4254807692307692 0.07211538461538461 0.14903846153846154
4 0.23918269230769232 0.7992788461538461 0.07451923076923077 0.14182692307692307
4 0.2956730769230769 0.3269230769230769 0.057692307692307696 0.1201923076923077
4 0.4987980769230769 0.14543269230769232 0.05048076923076923 0.11778846153846154
4 0.5745192307692307 0.1502403846153846 0.0625 0.11778846153846154
4 0.3762019230769231 0.5384615384615384 0.06009615384615385 0.125
4 0.44711538461538464 0.6694711538461539 0.0673076923076923 0.13221153846153846
8 0.8521634615384616 0.38461538461538464 0.0889423076923077 0.22596153846153846
9 0.7788461538461539 0.7908653846153846 0.08173076923076923 0.17307692307692307
11 0.6538461538461539 0.11298076923076923 0.0673076923076923 0.19230769230769232
12 0.8076923076923077 0.057692307692307696 0.0673076923076923 0.10576923076923077
7 0.6466346153846154 0.40625 0.0673076923076923 0.15865384615384615
7 0.8221153846153846 0.11057692307692307 0.0625 0.15865384615384615
10 0.5817307692307693 0.056490384615384616 0.057692307692307696 0.09375
10 0.7319711538461539 0.1346153846153846 0.055288461538461536 0.11538461538461539
10 0.75 0.3112980769230769 0.057692307692307696 0.11778846153846154
10 0.7487980769230769 0.41947115384615385 0.06490384615384616 0.12259615384615384
10 0.7620192307692307 0.6634615384615384 0.07211538461538461 0.12980769230769232