5 0.8004807692307693 0.296875 0.07211538461538461 0.16105769230769232
2 0.8125 0.36899038461538464 0.08173076923076923 0.18509615384615385
1 0.7668269230769231 0.2091346153846154 0.04807692307692308 0.12980769230769232
1 0.8305288461538461 0.5 0.06971153846153846 0.1346153846153846
3 0.7560096153846154 0.12980769230769232 0.06009615384615385 0.125
3 0.8557692307692307 0.6189903846153846 0.08173076923076923 0.12740384615384615
6 0.7524038461538461 0.0625 0.052884615384615384 0.11057692307692307
6 0.8737980769230769 0.7451923076923077 0.07451923076923077 0.12980769230769232
4 0.6706730769230769 0.05889423076923077 0.04326923076923077 0.0985576923076923
4 0.6766826923076923 0.14182692307692307 0.04567307692307692 0.09615384615384616
4 0.6923076923076923 0.22596153846153846 0.04326923076923077 0.09615384615384616
4 0.703125 0.31009615384615385 0.04567307692307692 0.10096153846153846
4 0.71875 0.40384615384615385 0.04807692307692308 0.10096153846153846
4 0.734375 0.5120192307692307 0.05048076923076923 0.10096153846153846
4 0.75 0.6225961538461539 0.057692307692307696 0.10576923076923077
4 0.7692307692307693 0.7427884615384616 0.057692307692307696 0.11538461538461539
11 0.19471153846153846 0.2800480769230769 0.0673076923076923 0.17067307692307693
8 0.18269230769230768 0.36658653846153844 0.07211538461538461 0.19471153846153846
7 0.1971153846153846 0.20072115384615385 0.052884615384615384 0.13701923076923078
7 0.171875 0.49278846153846156 0.06009615384615385 0.1346153846153846
9 0.21153846153846154 0.12259615384615384 0.0625 0.12980769230769232
9 0.18269230769230768 0.609375 0.07211538461538461 0.14182692307692307
12 0.21033653846153846 0.05048076923076923 0.05048076923076923 0.10096153846153846
12 0.16105769230769232 0.7560096153846154 0.07211538461538461 0.13701923076923078
10 0.28725961538461536 0.055288461538461536 0.04567307692307692 0.09615384615384616
10 0.28725961538461536 0.13581730769230768 0.04567307692307692 0.09375
10 0.28846153846153844 0.22235576923076922 0.04326923076923077 0.0985576923076923
10 0.2860576923076923 0.3088942307692308 0.04807692307692308 0.0985576923076923
10 0.28966346153846156 0.4098557692307692 0.05048076923076923 0.0985576923076923
10 0.2800480769230769 0.5168269230769231 0.05048076923076923 0.10576923076923077
10 0.2824519230769231 0.6225961538461539 0.055288461538461536 0.10576923076923077
10 0.27403846153846156 0.7487980769230769 0.0625 0.10817307692307693