5 0.7896634615384616 0.3173076923076923 0.06971153846153846 0.16826923076923078
2 0.8016826923076923 0.3942307692307692 0.07932692307692307 0.19230769230769232
1 0.7584134615384616 0.22716346153846154 0.04567307692307692 0.13701923076923078
1 0.8173076923076923 0.5300480769230769 0.0673076923076923 0.14182692307692307
3 0.7475961538461539 0.14543269230769232 0.057692307692307696 0.13221153846153846
3 0.8401442307692307 0.6538461538461539 0.07932692307692307 0.1346153846153846
6 0.7475961538461539 0.07932692307692307 0.052884615384615384 0.11057692307692307
6 0.8545673076923077 0.7848557692307693 0.07451923076923077 0.13701923076923078
4 0.6610576923076923 0.07211538461538461 0.04326923076923077 0.10096153846153846
4 0.6658653846153846 0.15625 0.04326923076923077 0.10096153846153846
4 0.6790865384615384 0.24278846153846154 0.040865384615384616 0.10096153846153846
4 0.6887019230769231 0.3293269230769231 0.04567307692307692 0.10576923076923077
4 0.703125 0.42788461538461536 0.05048076923076923 0.10576923076923077
4 0.7175480769230769 0.5384615384615384 0.05048076923076923 0.10576923076923077
4 0.7307692307692307 0.6538461538461539 0.057692307692307696 0.11057692307692307
4 0.7463942307692307 0.7764423076923077 0.055288461538461536 0.1201923076923077
11 0.16466346153846154 0.28125 0.06490384615384616 0.1778846153846154
8 0.1502403846153846 0.36899038461538464 0.06971153846153846 0.20432692307692307
7 0.17067307692307693 0.19831730769230768 0.052884615384615384 0.14182692307692307
7 0.13581730769230768 0.49759615384615385 0.06009615384615385 0.13942307692307693
9 0.18629807692307693 0.1201923076923077 0.06009615384615385 0.1346153846153846
9 0.14423076923076922 0.6201923076923077 0.07211538461538461 0.14903846153846154
12 0.18870192307692307 0.051682692307692304 0.05048076923076923 0.09375
12 0.1201923076923077 0.7692307692307693 0.07211538461538461 0.14423076923076922
10 0.2668269230769231 0.055288461538461536 0.04326923076923077 0.09134615384615384
10 0.2644230769230769 0.1346153846153846 0.04326923076923077 0.09615384615384616
10 0.26322115384615385 0.2247596153846154 0.040865384615384616 0.10336538461538461
10 0.25841346153846156 0.3112980769230769 0.04567307692307692 0.10336538461538461
10 0.2608173076923077 0.4182692307692308 0.04567307692307692 0.10576923076923077
10 0.24879807692307693 0.5288461538461539 0.05048076923076923 0.11057692307692307
10 0.24759615384615385 0.6370192307692307 0.052884615384615384 0.11057692307692307
10 0.23677884615384615 0.765625 0.06009615384615385 0.11298076923076923