5 0.7836538461538461 0.31490384615384615 0.0673076923076923 0.15865384615384615
2 0.7944711538461539 0.38822115384615385 0.07451923076923077 0.18509615384615385
1 0.7524038461538461 0.2283653846153846 0.04326923076923077 0.12980769230769232
1 0.8088942307692307 0.5168269230769231 0.06490384615384616 0.1346153846153846
3 0.7439903846153846 0.1502403846153846 0.055288461538461536 0.12740384615384615
3 0.8305288461538461 0.6346153846153846 0.07451923076923077 0.12980769230769232
6 0.7415865384615384 0.08413461538461539 0.05048076923076923 0.11057692307692307
6 0.84375 0.7596153846153846 0.07211538461538461 0.12980769230769232
4 0.6598557692307693 0.078125 0.040865384615384616 0.0985576923076923
4 0.6646634615384616 0.16105769230769232 0.040865384615384616 0.09615384615384616
4 0.6766826923076923 0.24278846153846154 0.040865384615384616 0.09615384615384616
4 0.6875 0.3269230769230769 0.04326923076923077 0.10096153846153846
4 0.6995192307692307 0.41947115384615385 0.04807692307692308 0.0985576923076923
4 0.7139423076923077 0.5264423076923077 0.04807692307692308 0.10096153846153846
4 0.7259615384615384 0.6346153846153846 0.052884615384615384 0.10576923076923077
4 0.7427884615384616 0.7536057692307693 0.052884615384615384 0.11298076923076923
11 0.1875 0.2824519230769231 0.0625 0.17067307692307693
8 0.17307692307692307 0.36778846153846156 0.0673076923076923 0.19230769230769232
7 0.19230769230769232 0.20432692307692307 0.04807692307692308 0.1346153846153846
7 0.16105769230769232 0.49038461538461536 0.057692307692307696 0.1346153846153846
9 0.20673076923076922 0.12860576923076922 0.057692307692307696 0.12740384615384615
9 0.16706730769230768 0.6069711538461539 0.06490384615384616 0.14182692307692307
12 0.20793269230769232 0.056490384615384616 0.04567307692307692 0.10336538461538461
12 0.14423076923076922 0.7487980769230769 0.0673076923076923 0.13701923076923078
10 0.28365384615384615 0.0625 0.04326923076923077 0.09615384615384616
10 0.2824519230769231 0.14423076923076922 0.040865384615384616 0.09134615384615384
10 0.2800480769230769 0.22956730769230768 0.040865384615384616 0.0985576923076923
10 0.27524038461538464 0.3112980769230769 0.04567307692307692 0.0985576923076923
10 0.2776442307692308 0.41346153846153844 0.04567307692307692 0.10096153846153846
10 0.2668269230769231 0.5180288461538461 0.04807692307692308 0.10336538461538461
10 0.265625 0.6225961538461539 0.05048076923076923 0.10576923076923077
10 0.2548076923076923 0.7451923076923077 0.057692307692307696 0.11057692307692307