11 0.34134615384615385 0.140625 0.07211538461538461 0.18509615384615385
8 0.15504807692307693 0.30528846153846156 0.08413461538461539 0.21153846153846154
9 0.44350961538461536 0.65625 0.06971153846153846 0.16826923076923078
6 0.265625 0.06490384615384616 0.06490384615384616 0.125
12 0.42427884615384615 0.15504807692307693 0.06009615384615385 0.13701923076923078
7 0.4362980769230769 0.43509615384615385 0.06009615384615385 0.15865384615384615
10 0.26802884615384615 0.16466346153846154 0.05048076923076923 0.11298076923076923
10 0.25240384615384615 0.3389423076923077 0.057692307692307696 0.11538461538461539
10 0.3449519230769231 0.3293269230769231 0.055288461538461536 0.1201923076923077
10 0.3485576923076923 0.5673076923076923 0.0625 0.125
3 0.22956730769230768 0.6550480769230769 0.07451923076923077 0.1658653846153846
1 0.5072115384615384 0.23076923076923078 0.057692307692307696 0.15384615384615385
2 0.7776442307692307 0.29927884615384615 0.0889423076923077 0.21394230769230768
4 0.6875 0.34615384615384615 0.057692307692307696 0.11057692307692307
4 0.6069711538461539 0.5408653846153846 0.055288461538461536 0.125
4 0.5372596153846154 0.6742788461538461 0.06490384615384616 0.12259615384615384