11 0.328125 0.12860576923076922 0.07451923076923077 0.18990384615384615
8 0.14302884615384615 0.30288461538461536 0.08413461538461539 0.21634615384615385
9 0.44591346153846156 0.6514423076923077 0.06971153846153846 0.17307692307692307
6 0.24879807692307693 0.06971153846153846 0.06490384615384616 0.09615384615384616
12 0.41346153846153844 0.14302884615384615 0.0625 0.14182692307692307
7 0.4326923076923077 0.42788461538461536 0.0625 0.16346153846153846
10 0.2548076923076923 0.15625 0.052884615384615384 0.1201923076923077
10 0.24158653846153846 0.33413461538461536 0.06009615384615385 0.1201923076923077
10 0.33653846153846156 0.32211538461538464 0.057692307692307696 0.125
10 0.34615384615384615 0.5649038461538461 0.0625 0.12980769230769232
3 0.22716346153846154 0.65625 0.07451923076923077 0.17307692307692307
1 0.5 0.21754807692307693 0.057692307692307696 0.15625
2 0.7788461538461539 0.2800480769230769 0.09134615384615384 0.22355769230769232
4 0.6875 0.3269230769230769 0.057692307692307696 0.11538461538461539
4 0.609375 0.53125 0.055288461538461536 0.12980769230769232
4 0.5396634615384616 0.6670673076923077 0.06490384615384616 0.12740384615384615