11 0.6622596153846154 0.12740384615384615 0.07451923076923077 0.19230769230769232
8 0.8569711538461539 0.2956730769230769 0.0889423076923077 0.22115384615384615
9 0.5564903846153846 0.6658653846153846 0.07451923076923077 0.1778846153846154
6 0.7415865384615384 0.057692307692307696 0.06971153846153846 0.11538461538461539
12 0.5757211538461539 0.14423076923076922 0.06490384615384616 0.14423076923076922
7 0.5661057692307693 0.4362980769230769 0.06490384615384616 0.1658653846153846
10 0.7379807692307693 0.15144230769230768 0.052884615384615384 0.1201923076923077
10 0.7560096153846154 0.33413461538461536 0.06009615384615385 0.125
10 0.6598557692307693 0.3233173076923077 0.06009615384615385 0.12740384615384615
10 0.6574519230769231 0.5733173076923077 0.06490384615384616 0.13221153846153846
3 0.7824519230769231 0.6622596153846154 0.07932692307692307 0.17548076923076922
1 0.4891826923076923 0.22355769230769232 0.06009615384615385 0.15865384615384615
2 0.20673076923076922 0.2980769230769231 0.09615384615384616 0.22596153846153846
4 0.3016826923076923 0.3449519230769231 0.06009615384615385 0.11778846153846154
4 0.3870192307692308 0.5492788461538461 0.057692307692307696 0.13221153846153846
4 0.46153846153846156 0.6862980769230769 0.0673076923076923 0.12740384615384615