2 0.7896634615384616 0.2620192307692308 0.08413461538461539 0.21153846153846154
6 0.5865384615384616 0.057692307692307696 0.0625 0.11538461538461539
1 0.5216346153846154 0.203125 0.057692307692307696 0.15625
4 0.42908653846153844 0.14903846153846154 0.05048076923076923 0.1201923076923077
4 0.6995192307692307 0.3137019230769231 0.052884615384615384 0.11778846153846154
4 0.6237980769230769 0.5204326923076923 0.06009615384615385 0.12259615384615384
4 0.5528846153846154 0.6502403846153846 0.0625 0.12740384615384615
3 0.44350961538461536 0.640625 0.06971153846153846 0.16105769230769232
3 0.24278846153846154 0.6274038461538461 0.07692307692307693 0.16346153846153846
11 0.35216346153846156 0.1201923076923077 0.06009615384615385 0.18269230769230768
12 0.19951923076923078 0.0673076923076923 0.0673076923076923 0.1346153846153846
8 0.16947115384615385 0.2860576923076923 0.07451923076923077 0.21153846153846154
9 0.23798076923076922 0.7836538461538461 0.08173076923076923 0.16826923076923078
7 0.4495192307692308 0.4110576923076923 0.0625 0.15384615384615385
10 0.35336538461538464 0.3076923076923077 0.057692307692307696 0.125
10 0.2776442307692308 0.14182692307692307 0.05048076923076923 0.11538461538461539
10 0.2644230769230769 0.3173076923076923 0.04807692307692308 0.1201923076923077
10 0.36177884615384615 0.5456730769230769 0.06009615384615385 0.125