2 0.7704326923076923 0.3004807692307692 0.0889423076923077 0.21153846153846154
6 0.5733173076923077 0.08413461538461539 0.06490384615384616 0.1346153846153846
1 0.5048076923076923 0.23918269230769232 0.0625 0.15625
4 0.41586538461538464 0.18509615384615385 0.052884615384615384 0.1201923076923077
4 0.6802884615384616 0.35096153846153844 0.057692307692307696 0.11538461538461539
4 0.5973557692307693 0.5564903846153846 0.06490384615384616 0.12259615384615384
4 0.5252403846153846 0.6838942307692307 0.06490384615384616 0.12740384615384615
3 0.41586538461538464 0.6730769230769231 0.07211538461538461 0.15865384615384615
3 0.21634615384615385 0.6598557692307693 0.08173076923076923 0.16105769230769232
11 0.34134615384615385 0.15504807692307693 0.0673076923076923 0.18028846153846154
12 0.1875 0.09975961538461539 0.07211538461538461 0.13701923076923078
8 0.15384615384615385 0.31971153846153844 0.08173076923076923 0.21153846153846154
9 0.20793269230769232 0.8137019230769231 0.08413461538461539 0.1658653846153846
7 0.42908653846153844 0.44591346153846156 0.06490384615384616 0.15144230769230768
10 0.33533653846153844 0.3425480769230769 0.06009615384615385 0.12259615384615384
10 0.2644230769230769 0.17668269230769232 0.052884615384615384 0.11778846153846154
10 0.24759615384615385 0.35096153846153844 0.052884615384615384 0.1201923076923077
10 0.3389423076923077 0.5793269230769231 0.0625 0.125