2 0.22355769230769232 0.29086538461538464 0.08653846153846154 0.20673076923076922
6 0.42788461538461536 0.07572115384615384 0.0625 0.13221153846153846
1 0.4891826923076923 0.22956730769230768 0.06009615384615385 0.15144230769230768
4 0.578125 0.17427884615384615 0.05048076923076923 0.11778846153846154
4 0.31009615384615385 0.3389423076923077 0.052884615384615384 0.11538461538461539
4 0.3858173076923077 0.5420673076923077 0.06009615384615385 0.11778846153846154
4 0.4519230769230769 0.6682692307692307 0.0625 0.125
3 0.5588942307692307 0.6574519230769231 0.06971153846153846 0.15625
3 0.7560096153846154 0.6442307692307693 0.07451923076923077 0.15865384615384615
11 0.6538461538461539 0.1466346153846154 0.0625 0.1778846153846154
12 0.8052884615384616 0.09254807692307693 0.0673076923076923 0.13701923076923078
8 0.8317307692307693 0.3088942307692308 0.07692307692307693 0.20432692307692307
9 0.7596153846153846 0.7956730769230769 0.08173076923076923 0.16346153846153846
7 0.5552884615384616 0.4326923076923077 0.0625 0.14903846153846154
10 0.6514423076923077 0.33052884615384615 0.057692307692307696 0.12259615384615384
10 0.7283653846153846 0.16706730769230768 0.052884615384615384 0.11298076923076923
10 0.7379807692307693 0.3401442307692308 0.04807692307692308 0.11778846153846154
10 0.640625 0.5637019230769231 0.06009615384615385 0.12259615384615384