3 0.2536057692307692 0.6394230769230769 0.07932692307692307 0.15865384615384615
6 0.11778846153846154 0.7608173076923077 0.08173076923076923 0.15144230769230768
2 0.171875 0.3713942307692308 0.08413461538461539 0.21875
5 0.37740384615384615 0.2980769230769231 0.0673076923076923 0.1971153846153846
6 0.38822115384615385 0.056490384615384616 0.055288461538461536 0.11298076923076923
9 0.3870192307692308 0.12139423076923077 0.057692307692307696 0.14182692307692307
9 0.546875 0.4098557692307692 0.06490384615384616 0.15144230769230768
4 0.46033653846153844 0.055288461538461536 0.05048076923076923 0.11057692307692307
4 0.29086538461538464 0.2247596153846154 0.052884615384615384 0.10817307692307693
4 0.30649038461538464 0.13341346153846154 0.05048076923076923 0.10817307692307693
4 0.26802884615384615 0.4110576923076923 0.055288461538461536 0.1201923076923077
4 0.2608173076923077 0.5216346153846154 0.06009615384615385 0.1201923076923077
4 0.3317307692307692 0.7752403846153846 0.07211538461538461 0.12259615384615384
4 0.46274038461538464 0.30408653846153844 0.05048076923076923 0.11778846153846154
8 0.8341346153846154 0.3870192307692308 0.08173076923076923 0.21634615384615385
12 0.7992788461538461 0.054086538461538464 0.06009615384615385 0.10817307692307693
12 0.7487980769230769 0.7920673076923077 0.07451923076923077 0.15144230769230768
7 0.8533653846153846 0.5192307692307693 0.07211538461538461 0.15384615384615385
11 0.8197115384615384 0.29086538461538464 0.07211538461538461 0.1875
9 0.6298076923076923 0.19831730769230768 0.0625 0.15144230769230768
9 0.8461538461538461 0.6430288461538461 0.07692307692307693 0.16105769230769232
10 0.5504807692307693 0.31009615384615385 0.04807692307692308 0.11057692307692307
10 0.7151442307692307 0.051682692307692304 0.05048076923076923 0.10336538461538461
10 0.71875 0.23076923076923078 0.052884615384615384 0.11538461538461539
10 0.7283653846153846 0.4362980769230769 0.057692307692307696 0.11298076923076923
10 0.7367788461538461 0.5444711538461539 0.06009615384615385 0.11298076923076923
10 0.7403846153846154 0.6526442307692307 0.0625 0.11778846153846154
10 0.5396634615384616 0.7764423076923077 0.06009615384615385 0.125