3 0.7259615384615384 0.6286057692307693 0.07692307692307693 0.1466346153846154
6 0.8545673076923077 0.7415865384615384 0.07932692307692307 0.14182692307692307
2 0.796875 0.37740384615384615 0.07932692307692307 0.20673076923076922
5 0.6057692307692307 0.3088942307692308 0.0673076923076923 0.18509615384615385
6 0.5913461538461539 0.078125 0.052884615384615384 0.11778846153846154
9 0.59375 0.1466346153846154 0.057692307692307696 0.1346153846153846
9 0.4483173076923077 0.41586538461538464 0.06490384615384616 0.13942307692307693
4 0.5228365384615384 0.08413461538461539 0.05048076923076923 0.10576923076923077
4 0.6838942307692307 0.24158653846153846 0.05048076923076923 0.10336538461538461
4 0.6670673076923077 0.15745192307692307 0.05048076923076923 0.0985576923076923
4 0.7079326923076923 0.41586538461538464 0.05048076923076923 0.11057692307692307
4 0.71875 0.5168269230769231 0.057692307692307696 0.11057692307692307
4 0.65625 0.7548076923076923 0.0673076923076923 0.11538461538461539
4 0.5252403846153846 0.3161057692307692 0.05048076923076923 0.10817307692307693
8 0.17908653846153846 0.3954326923076923 0.07932692307692307 0.19951923076923078
12 0.20793269230769232 0.08173076923076923 0.06009615384615385 0.11057692307692307
12 0.2668269230769231 0.7728365384615384 0.07211538461538461 0.14182692307692307
7 0.16466346153846154 0.5168269230769231 0.06971153846153846 0.14423076923076922
11 0.19230769230769232 0.30649038461538464 0.07211538461538461 0.17548076923076922
9 0.36778846153846156 0.21875 0.0625 0.13942307692307693
9 0.17307692307692307 0.6334134615384616 0.07211538461538461 0.15144230769230768
10 0.4423076923076923 0.32211538461538464 0.04807692307692308 0.10576923076923077
10 0.2860576923076923 0.0829326923076923 0.04807692307692308 0.0985576923076923
10 0.2860576923076923 0.25 0.052884615384615384 0.11057692307692307
10 0.2800480769230769 0.43990384615384615 0.055288461538461536 0.10576923076923077
10 0.27403846153846156 0.5408653846153846 0.057692307692307696 0.10576923076923077
10 0.27283653846153844 0.6442307692307693 0.06009615384615385 0.11057692307692307
10 0.46274038461538464 0.7560096153846154 0.06009615384615385 0.11778846153846154