6 0.15504807692307693 0.7439903846153846 0.07932692307692307 0.14182692307692307
2 0.18990384615384615 0.49158653846153844 0.09615384615384616 0.21394230769230768
5 0.4026442307692308 0.29447115384615385 0.06490384615384616 0.18509615384615385
9 0.49759615384615385 0.13341346153846154 0.0673076923076923 0.13701923076923078
4 0.4807692307692308 0.06129807692307692 0.04807692307692308 0.10336538461538461
4 0.3016826923076923 0.4098557692307692 0.055288461538461536 0.11778846153846154
4 0.3245192307692308 0.22596153846153846 0.057692307692307696 0.10576923076923077
4 0.4855769230769231 0.3076923076923077 0.04807692307692308 0.11057692307692307
4 0.37259615384615385 0.5108173076923077 0.057692307692307696 0.11778846153846154
3 0.5637019230769231 0.4026442307692308 0.06490384615384616 0.14182692307692307
9 0.8521634615384616 0.6165865384615384 0.07932692307692307 0.15144230769230768
11 0.6466346153846154 0.296875 0.0673076923076923 0.17548076923076922
8 0.7415865384615384 0.3762019230769231 0.07932692307692307 0.20432692307692307
10 0.7487980769230769 0.6334134615384616 0.06009615384615385 0.11778846153846154
12 0.7572115384615384 0.765625 0.07211538461538461 0.14182692307692307
12 0.8064903846153846 0.06009615384615385 0.06490384615384616 0.10096153846153846
10 0.7271634615384616 0.06009615384615385 0.055288461538461536 0.10576923076923077
10 0.5673076923076923 0.3088942307692308 0.057692307692307696 0.10817307692307693
10 0.7223557692307693 0.2247596153846154 0.05048076923076923 0.11778846153846154
7 0.5661057692307693 0.6129807692307693 0.06971153846153846 0.15384615384615385
10 0.5576923076923077 0.7560096153846154 0.0625 0.12259615384615384