6 0.8641826923076923 0.7331730769230769 0.07932692307692307 0.14423076923076922
2 0.8257211538461539 0.4795673076923077 0.0985576923076923 0.21394230769230768
5 0.6105769230769231 0.2824519230769231 0.0673076923076923 0.18509615384615385
9 0.5132211538461539 0.12139423076923077 0.06971153846153846 0.13701923076923078
4 0.5276442307692307 0.05048076923076923 0.05048076923076923 0.10096153846153846
4 0.7127403846153846 0.39663461538461536 0.055288461538461536 0.1201923076923077
4 0.6887019230769231 0.21394230769230768 0.06009615384615385 0.10576923076923077
4 0.5264423076923077 0.2956730769230769 0.052884615384615384 0.11057692307692307
4 0.6418269230769231 0.5012019230769231 0.057692307692307696 0.11778846153846154
3 0.4483173076923077 0.3918269230769231 0.06490384615384616 0.14423076923076922
9 0.16105769230769232 0.6105769230769231 0.08173076923076923 0.15384615384615385
11 0.3641826923076923 0.28725961538461536 0.06971153846153846 0.17548076923076922
8 0.2692307692307692 0.36778846153846156 0.08173076923076923 0.20673076923076922
10 0.2668269230769231 0.6262019230769231 0.0625 0.11778846153846154
12 0.25841346153846156 0.7596153846153846 0.07451923076923077 0.14423076923076922
12 0.20072115384615385 0.05048076923076923 0.06490384615384616 0.10096153846153846
10 0.2824519230769231 0.051682692307692304 0.06009615384615385 0.10336538461538461
10 0.44350961538461536 0.2980769230769231 0.06009615384615385 0.11057692307692307
10 0.28725961538461536 0.21514423076923078 0.05048076923076923 0.11778846153846154
7 0.4483173076923077 0.6045673076923077 0.06971153846153846 0.15625
10 0.45913461538461536 0.7463942307692307 0.0625 0.12259615384615384