6 0.15264423076923078 0.7175480769230769 0.07932692307692307 0.14182692307692307
2 0.18629807692307693 0.46634615384615385 0.09375 0.21153846153846154
5 0.3954326923076923 0.27283653846153844 0.06490384615384616 0.18028846153846154
9 0.49038461538461536 0.1141826923076923 0.0673076923076923 0.13701923076923078
4 0.47596153846153844 0.046875 0.04807692307692308 0.09375
4 0.296875 0.3870192307692308 0.055288461538461536 0.1201923076923077
4 0.31971153846153844 0.20552884615384615 0.057692307692307696 0.10817307692307693
4 0.4807692307692308 0.2848557692307692 0.04807692307692308 0.10817307692307693
4 0.36899038461538464 0.4879807692307692 0.055288461538461536 0.11538461538461539
3 0.5576923076923077 0.3786057692307692 0.0625 0.14182692307692307
9 0.84375 0.5949519230769231 0.07692307692307693 0.15144230769230768
11 0.6394230769230769 0.2764423076923077 0.0673076923076923 0.17307692307692307
8 0.7319711538461539 0.3557692307692308 0.07932692307692307 0.20192307692307693
10 0.7391826923076923 0.6105769230769231 0.06009615384615385 0.11538461538461539
12 0.7475961538461539 0.7415865384615384 0.07211538461538461 0.14182692307692307
12 0.796875 0.04807692307692308 0.06490384615384616 0.09615384615384616
10 0.71875 0.04807692307692308 0.057692307692307696 0.09615384615384616
10 0.5600961538461539 0.28725961538461536 0.057692307692307696 0.10817307692307693
10 0.7139423076923077 0.20552884615384615 0.04807692307692308 0.11778846153846154
7 0.5600961538461539 0.5901442307692307 0.0673076923076923 0.15144230769230768
10 0.5516826923076923 0.7295673076923077 0.06009615384615385 0.12259615384615384