6 0.15745192307692307 0.7307692307692307 0.07932692307692307 0.14423076923076922
2 0.18509615384615385 0.4795673076923077 0.08173076923076923 0.2091346153846154
4 0.47475961538461536 0.05048076923076923 0.04567307692307692 0.10096153846153846
3 0.5576923076923077 0.3762019230769231 0.0673076923076923 0.14182692307692307
8 0.7331730769230769 0.34975961538461536 0.07692307692307693 0.2091346153846154
11 0.6382211538461539 0.2692307692307692 0.06971153846153846 0.19230769230769232
5 0.39783653846153844 0.2776442307692308 0.06971153846153846 0.18028846153846154
4 0.33052884615384615 0.12860576923076922 0.05048076923076923 0.11298076923076923
4 0.32211538461538464 0.21153846153846154 0.052884615384615384 0.11057692307692307
4 0.2980769230769231 0.3954326923076923 0.052884615384615384 0.10817307692307693
4 0.375 0.4951923076923077 0.0625 0.1201923076923077
4 0.48197115384615385 0.28125 0.055288461538461536 0.1201923076923077
9 0.49038461538461536 0.11298076923076923 0.0673076923076923 0.15384615384615385
9 0.8401442307692307 0.5757211538461539 0.07451923076923077 0.15625
12 0.7475961538461539 0.7259615384615384 0.08653846153846154 0.14903846153846154
12 0.7932692307692307 0.042067307692307696 0.0625 0.08413461538461539
7 0.5625 0.5829326923076923 0.0673076923076923 0.15144230769230768
10 0.5612980769230769 0.2824519230769231 0.055288461538461536 0.10336538461538461
10 0.7139423076923077 0.039663461538461536 0.052884615384615384 0.07932692307692307
10 0.7151442307692307 0.19110576923076922 0.05048076923076923 0.11778846153846154
10 0.7415865384615384 0.59375 0.06490384615384616 0.1201923076923077
10 0.5516826923076923 0.7235576923076923 0.06009615384615385 0.11538461538461539