6 0.8185096153846154 0.7235576923076923 0.08413461538461539 0.14423076923076922
2 0.7956730769230769 0.47596153846153844 0.08653846153846154 0.20673076923076922
4 0.5192307692307693 0.05889423076923077 0.04807692307692308 0.10817307692307693
3 0.42788461538461536 0.38822115384615385 0.07211538461538461 0.14182692307692307
8 0.25240384615384615 0.3701923076923077 0.08173076923076923 0.20673076923076922
11 0.34975961538461536 0.2848557692307692 0.07451923076923077 0.18990384615384615
5 0.5889423076923077 0.2824519230769231 0.07211538461538461 0.18028846153846154
4 0.6586538461538461 0.13221153846153846 0.052884615384615384 0.11057692307692307
4 0.6658653846153846 0.21394230769230768 0.052884615384615384 0.11057692307692307
4 0.6862980769230769 0.3954326923076923 0.055288461538461536 0.10817307692307693
4 0.609375 0.49759615384615385 0.06490384615384616 0.1201923076923077
4 0.5048076923076923 0.28966346153846156 0.057692307692307696 0.11778846153846154
9 0.5012019230769231 0.12379807692307693 0.06971153846153846 0.15144230769230768
9 0.14302884615384615 0.6009615384615384 0.07932692307692307 0.15384615384615385
12 0.23197115384615385 0.7451923076923077 0.0889423076923077 0.14903846153846154
12 0.20072115384615385 0.055288461538461536 0.06490384615384616 0.11057692307692307
7 0.4182692307692308 0.5961538461538461 0.07211538461538461 0.14903846153846154
10 0.4254807692307692 0.2956730769230769 0.057692307692307696 0.10096153846153846
10 0.27884615384615385 0.05048076923076923 0.052884615384615384 0.10096153846153846
10 0.27524038461538464 0.21153846153846154 0.055288461538461536 0.11538461538461539
10 0.2403846153846154 0.6141826923076923 0.0673076923076923 0.11778846153846154
10 0.4266826923076923 0.7355769230769231 0.06490384615384616 0.11538461538461539