6 0.8425480769230769 0.7307692307692307 0.07932692307692307 0.14423076923076922
2 0.8149038461538461 0.4795673076923077 0.08173076923076923 0.2091346153846154
4 0.5252403846153846 0.05048076923076923 0.04567307692307692 0.10096153846153846
3 0.4423076923076923 0.3762019230769231 0.0673076923076923 0.14182692307692307
8 0.2668269230769231 0.34975961538461536 0.07692307692307693 0.2091346153846154
11 0.36177884615384615 0.2692307692307692 0.06971153846153846 0.19230769230769232
5 0.6021634615384616 0.2776442307692308 0.06971153846153846 0.18028846153846154
4 0.6694711538461539 0.12860576923076922 0.05048076923076923 0.11298076923076923
4 0.6778846153846154 0.21153846153846154 0.052884615384615384 0.11057692307692307
4 0.7019230769230769 0.3954326923076923 0.052884615384615384 0.10817307692307693
4 0.625 0.4951923076923077 0.0625 0.1201923076923077
4 0.5180288461538461 0.28125 0.055288461538461536 0.1201923076923077
9 0.5096153846153846 0.11298076923076923 0.0673076923076923 0.15384615384615385
9 0.15985576923076922 0.5757211538461539 0.07451923076923077 0.15625
12 0.25240384615384615 0.7259615384615384 0.08653846153846154 0.14903846153846154
12 0.20673076923076922 0.042067307692307696 0.0625 0.08413461538461539
7 0.4375 0.5829326923076923 0.0673076923076923 0.15144230769230768
10 0.4387019230769231 0.2824519230769231 0.055288461538461536 0.10336538461538461
10 0.2860576923076923 0.039663461538461536 0.052884615384615384 0.07932692307692307
10 0.2848557692307692 0.19110576923076922 0.05048076923076923 0.11778846153846154
10 0.25841346153846156 0.59375 0.06490384615384616 0.1201923076923077
10 0.4483173076923077 0.7235576923076923 0.06009615384615385 0.11538461538461539