2 0.8052884615384616 0.31971153846153844 0.09615384615384616 0.22115384615384615
3 0.6802884615384616 0.8221153846153846 0.09134615384615384 0.1778846153846154
6 0.6935096153846154 0.17548076923076922 0.06490384615384616 0.14903846153846154
4 0.7367788461538461 0.5769230769230769 0.06490384615384616 0.125
4 0.5408653846153846 0.375 0.057692307692307696 0.125
1 0.5588942307692307 0.578125 0.06490384615384616 0.16105769230769232
1 0.36177884615384615 0.1658653846153846 0.07451923076923077 0.17307692307692307
8 0.1778846153846154 0.4326923076923077 0.09615384615384616 0.22596153846153846
10 0.35336538461538464 0.5865384615384616 0.0625 0.12980769230769232
9 0.19591346153846154 0.1658653846153846 0.07451923076923077 0.1778846153846154
7 0.5252403846153846 0.08052884615384616 0.06490384615384616 0.1466346153846154
7 0.14543269230769232 0.6935096153846154 0.07932692307692307 0.1658653846153846