2 0.7620192307692307 0.2956730769230769 0.09615384615384616 0.21153846153846154
3 0.6274038461538461 0.7704326923076923 0.09134615384615384 0.1658653846153846
6 0.6598557692307693 0.15504807692307693 0.06490384615384616 0.14182692307692307
4 0.6887019230769231 0.5396634615384616 0.06490384615384616 0.11778846153846154
4 0.5096153846153846 0.34134615384615385 0.057692307692307696 0.11538461538461539
1 0.5204326923076923 0.5348557692307693 0.06490384615384616 0.15144230769230768
1 0.3449519230769231 0.13942307692307693 0.07451923076923077 0.16346153846153846
8 0.1622596153846154 0.38822115384615385 0.0985576923076923 0.21394230769230768
10 0.3245192307692308 0.5372596153846154 0.0625 0.12259615384615384
9 0.18870192307692307 0.1346153846153846 0.07451923076923077 0.16826923076923078
7 0.5024038461538461 0.06610576923076923 0.0673076923076923 0.13221153846153846
7 0.125 0.6358173076923077 0.07692307692307693 0.15625