2 0.21514423076923078 0.30288461538461536 0.10336538461538461 0.22596153846153846
3 0.35697115384615385 0.8028846153846154 0.0985576923076923 0.1778846153846154
6 0.3233173076923077 0.15264423076923078 0.06971153846153846 0.15144230769230768
4 0.2932692307692308 0.5600961538461539 0.0673076923076923 0.125
4 0.48197115384615385 0.3449519230769231 0.06009615384615385 0.12740384615384615
1 0.47115384615384615 0.5504807692307693 0.0673076923076923 0.16346153846153846
1 0.6550480769230769 0.12740384615384615 0.07932692307692307 0.17307692307692307
8 0.8497596153846154 0.38341346153846156 0.10336538461538461 0.2283653846153846
10 0.6790865384615384 0.546875 0.06490384615384616 0.13221153846153846
9 0.8245192307692307 0.11658653846153846 0.08173076923076923 0.18028846153846154
7 0.49038461538461536 0.06971153846153846 0.0673076923076923 0.10576923076923077
7 0.890625 0.6466346153846154 0.08413461538461539 0.16826923076923078