6 0.8846153846153846 0.8233173076923077 0.08173076923076923 0.15144230769230768
2 0.765625 0.6610576923076923 0.10336538461538461 0.23557692307692307
5 0.6454326923076923 0.3245192307692308 0.07932692307692307 0.1875
4 0.7367788461538461 0.25600961538461536 0.055288461538461536 0.11778846153846154
4 0.6646634615384616 0.5576923076923077 0.06009615384615385 0.125
4 0.5576923076923077 0.3317307692307692 0.057692307692307696 0.1201923076923077
3 0.47115384615384615 0.43149038461538464 0.08653846153846154 0.15625
11 0.390625 0.31490384615384615 0.07932692307692307 0.20192307692307693
8 0.28725961538461536 0.38822115384615385 0.08413461538461539 0.22355769230769232
10 0.46875 0.3293269230769231 0.0673076923076923 0.1201923076923077
10 0.4014423076923077 0.15264423076923078 0.0625 0.11778846153846154
10 0.3161057692307692 0.06129807692307692 0.06009615384615385 0.10817307692307693
10 0.2644230769230769 0.6550480769230769 0.07211538461538461 0.13701923076923078
12 0.20793269230769232 0.21634615384615385 0.07451923076923077 0.13942307692307693
12 0.6742788461538461 0.7980769230769231 0.08413461538461539 0.16826923076923078