6 0.8557692307692307 0.765625 0.07692307692307693 0.1466346153846154
2 0.7367788461538461 0.6081730769230769 0.09375 0.22596153846153846
5 0.609375 0.2824519230769231 0.07451923076923077 0.18509615384615385
4 0.6959134615384616 0.21514423076923078 0.05048076923076923 0.11298076923076923
4 0.6346153846153846 0.5096153846153846 0.052884615384615384 0.125
4 0.5216346153846154 0.28966346153846156 0.052884615384615384 0.11778846153846154
3 0.4411057692307692 0.38822115384615385 0.07932692307692307 0.15144230769230768
11 0.359375 0.27403846153846156 0.06971153846153846 0.1971153846153846
8 0.2620192307692308 0.3473557692307692 0.07692307692307693 0.21875
10 0.4362980769230769 0.28725961538461536 0.06009615384615385 0.11778846153846154
10 0.36658653846153844 0.11658653846153846 0.055288461538461536 0.11298076923076923
10 0.2800480769230769 0.040865384615384616 0.05048076923076923 0.07692307692307693
10 0.24639423076923078 0.6081730769230769 0.06971153846153846 0.1346153846153846
12 0.1778846153846154 0.1814903846153846 0.0673076923076923 0.13701923076923078
12 0.6502403846153846 0.7427884615384616 0.07932692307692307 0.16346153846153846