2 0.203125 0.25721153846153844 0.0889423076923077 0.21634615384615385
1 0.3858173076923077 0.11298076923076923 0.06009615384615385 0.15384615384615385
6 0.40865384615384615 0.05048076923076923 0.0673076923076923 0.10096153846153846
6 0.4699519230769231 0.20552884615384615 0.06971153846153846 0.13221153846153846
3 0.5528846153846154 0.21394230769230768 0.0625 0.14423076923076922
4 0.5721153846153846 0.14302884615384615 0.057692307692307696 0.11298076923076923
4 0.2920673076923077 0.30288461538461536 0.055288461538461536 0.11538461538461539
4 0.3786057692307692 0.5192307692307693 0.055288461538461536 0.125
4 0.23918269230769232 0.7704326923076923 0.06490384615384616 0.12740384615384615
4 0.4495192307692308 0.6538461538461539 0.0673076923076923 0.1346153846153846
3 0.5552884615384616 0.7764423076923077 0.08173076923076923 0.1778846153846154
8 0.8509615384615384 0.3918269230769231 0.09134615384615384 0.22115384615384615
12 0.8076923076923077 0.05889423076923077 0.07211538461538461 0.11778846153846154
9 0.7728365384615384 0.7920673076923077 0.0889423076923077 0.17548076923076922
11 0.6538461538461539 0.109375 0.07211538461538461 0.19471153846153846
7 0.8209134615384616 0.11658653846153846 0.06490384615384616 0.15144230769230768
7 0.6430288461538461 0.4050480769230769 0.06490384615384616 0.15625
10 0.4831730769230769 0.11658653846153846 0.057692307692307696 0.11778846153846154
10 0.7271634615384616 0.13341346153846154 0.06009615384615385 0.12259615384615384
10 0.7451923076923077 0.3125 0.057692307692307696 0.11538461538461539
10 0.7487980769230769 0.4182692307692308 0.06490384615384616 0.1201923076923077
10 0.6442307692307693 0.546875 0.0673076923076923 0.12740384615384615