2 0.19591346153846154 0.3004807692307692 0.0889423076923077 0.21153846153846154
1 0.38100961538461536 0.15384615384615385 0.06009615384615385 0.14903846153846154
6 0.4050480769230769 0.07692307692307693 0.06490384615384616 0.125
6 0.46153846153846156 0.24158653846153846 0.0673076923076923 0.12740384615384615
3 0.5408653846153846 0.24639423076923078 0.0625 0.13701923076923078
4 0.5625 0.17668269230769232 0.057692307692307696 0.10817307692307693
4 0.2824519230769231 0.3449519230769231 0.055288461538461536 0.11298076923076923
4 0.359375 0.5528846153846154 0.055288461538461536 0.1201923076923077
4 0.21394230769230768 0.8064903846153846 0.0673076923076923 0.12259615384615384
4 0.4254807692307692 0.6826923076923077 0.0673076923076923 0.12980769230769232
3 0.5252403846153846 0.8004807692307693 0.07932692307692307 0.17307692307692307
8 0.8293269230769231 0.41225961538461536 0.09134615384615384 0.21394230769230768
12 0.7992788461538461 0.0733173076923077 0.06971153846153846 0.13701923076923078
9 0.7391826923076923 0.8088942307692307 0.0889423076923077 0.17067307692307693
11 0.6442307692307693 0.14182692307692307 0.07692307692307693 0.19230769230769232
7 0.8088942307692307 0.14302884615384615 0.06490384615384616 0.1466346153846154
7 0.625 0.4338942307692308 0.0673076923076923 0.15144230769230768
10 0.47596153846153844 0.15504807692307693 0.057692307692307696 0.11298076923076923
10 0.7163461538461539 0.16105769230769232 0.0625 0.1201923076923077
10 0.7283653846153846 0.33653846153846156 0.057692307692307696 0.11538461538461539
10 0.7283653846153846 0.4411057692307692 0.0673076923076923 0.11778846153846154
10 0.6201923076923077 0.5721153846153846 0.0673076923076923 0.125