2 0.8040865384615384 0.3004807692307692 0.0889423076923077 0.21153846153846154
1 0.6189903846153846 0.15384615384615385 0.06009615384615385 0.14903846153846154
6 0.5949519230769231 0.07692307692307693 0.06490384615384616 0.125
6 0.5384615384615384 0.24158653846153846 0.0673076923076923 0.12740384615384615
3 0.45913461538461536 0.24639423076923078 0.0625 0.13701923076923078
4 0.4375 0.17668269230769232 0.057692307692307696 0.10817307692307693
4 0.7175480769230769 0.3449519230769231 0.055288461538461536 0.11298076923076923
4 0.640625 0.5528846153846154 0.055288461538461536 0.1201923076923077
4 0.7860576923076923 0.8064903846153846 0.0673076923076923 0.12259615384615384
4 0.5745192307692307 0.6826923076923077 0.0673076923076923 0.12980769230769232
3 0.47475961538461536 0.8004807692307693 0.07932692307692307 0.17307692307692307
8 0.17067307692307693 0.41225961538461536 0.09134615384615384 0.21394230769230768
12 0.20072115384615385 0.0733173076923077 0.06971153846153846 0.13701923076923078
9 0.2608173076923077 0.8088942307692307 0.0889423076923077 0.17067307692307693
11 0.3557692307692308 0.14182692307692307 0.07692307692307693 0.19230769230769232
7 0.19110576923076922 0.14302884615384615 0.06490384615384616 0.1466346153846154
7 0.375 0.4338942307692308 0.0673076923076923 0.15144230769230768
10 0.5240384615384616 0.15504807692307693 0.057692307692307696 0.11298076923076923
10 0.28365384615384615 0.16105769230769232 0.0625 0.1201923076923077
10 0.27163461538461536 0.33653846153846156 0.057692307692307696 0.11538461538461539
10 0.27163461538461536 0.4411057692307692 0.0673076923076923 0.11778846153846154
10 0.3798076923076923 0.5721153846153846 0.0673076923076923 0.125