2 0.796875 0.25721153846153844 0.0889423076923077 0.21634615384615385
1 0.6141826923076923 0.11298076923076923 0.06009615384615385 0.15384615384615385
6 0.5913461538461539 0.05048076923076923 0.0673076923076923 0.10096153846153846
6 0.5300480769230769 0.20552884615384615 0.06971153846153846 0.13221153846153846
3 0.44711538461538464 0.21394230769230768 0.0625 0.14423076923076922
4 0.42788461538461536 0.14302884615384615 0.057692307692307696 0.11298076923076923
4 0.7079326923076923 0.30288461538461536 0.055288461538461536 0.11538461538461539
4 0.6213942307692307 0.5192307692307693 0.055288461538461536 0.125
4 0.7608173076923077 0.7704326923076923 0.06490384615384616 0.12740384615384615
4 0.5504807692307693 0.6538461538461539 0.0673076923076923 0.1346153846153846
3 0.44471153846153844 0.7764423076923077 0.08173076923076923 0.1778846153846154
8 0.14903846153846154 0.3918269230769231 0.09134615384615384 0.22115384615384615
12 0.19230769230769232 0.05889423076923077 0.07211538461538461 0.11778846153846154
9 0.22716346153846154 0.7920673076923077 0.0889423076923077 0.17548076923076922
11 0.34615384615384615 0.109375 0.07211538461538461 0.19471153846153846
7 0.17908653846153846 0.11658653846153846 0.06490384615384616 0.15144230769230768
7 0.35697115384615385 0.4050480769230769 0.06490384615384616 0.15625
10 0.5168269230769231 0.11658653846153846 0.057692307692307696 0.11778846153846154
10 0.27283653846153844 0.13341346153846154 0.06009615384615385 0.12259615384615384
10 0.2548076923076923 0.3125 0.057692307692307696 0.11538461538461539
10 0.2512019230769231 0.4182692307692308 0.06490384615384616 0.1201923076923077
10 0.3557692307692308 0.546875 0.0673076923076923 0.12740384615384615