5 0.15264423076923078 0.28846153846153844 0.07932692307692307 0.1778846153846154
2 0.14543269230769232 0.36658653846153844 0.08413461538461539 0.20432692307692307
6 0.08774038461538461 0.7572115384615384 0.07932692307692307 0.14903846153846154
6 0.19951923076923078 0.04927884615384615 0.057692307692307696 0.0985576923076923
1 0.18629807692307693 0.19471153846153846 0.05048076923076923 0.14423076923076922
1 0.23197115384615385 0.6286057692307693 0.06490384615384616 0.13701923076923078
4 0.2439903846153846 0.3954326923076923 0.05048076923076923 0.10336538461538461
4 0.23076923076923078 0.5096153846153846 0.052884615384615384 0.11057692307692307
4 0.30408653846153844 0.7596153846153846 0.055288461538461536 0.11057692307692307
4 0.33052884615384615 0.6262019230769231 0.055288461538461536 0.11778846153846154
4 0.26802884615384615 0.21153846153846154 0.04567307692307692 0.10096153846153846
4 0.28125 0.12139423076923077 0.04326923076923077 0.0985576923076923
4 0.28966346153846156 0.04326923076923077 0.04567307692307692 0.08653846153846154
3 0.3629807692307692 0.10336538461538461 0.052884615384615384 0.14423076923076922
3 0.31971153846153844 0.4831730769230769 0.0673076923076923 0.15384615384615385
4 0.43990384615384615 0.2848557692307692 0.04807692307692308 0.11298076923076923
11 0.7944711538461539 0.24759615384615385 0.06490384615384616 0.18269230769230768
8 0.8100961538461539 0.3389423076923077 0.07211538461538461 0.21153846153846154
7 0.8233173076923077 0.47475961538461536 0.06009615384615385 0.1466346153846154
7 0.7896634615384616 0.1658653846153846 0.055288461538461536 0.14423076923076922
9 0.6033653846153846 0.16947115384615385 0.0625 0.16105769230769232
9 0.8149038461538461 0.5949519230769231 0.07211538461538461 0.1658653846153846
10 0.5096153846153846 0.7524038461538461 0.057692307692307696 0.11538461538461539
10 0.7139423076923077 0.6165865384615384 0.0625 0.11298076923076923
10 0.7115384615384616 0.5108173076923077 0.0625 0.11778846153846154
10 0.7007211538461539 0.3942307692307692 0.06009615384615385 0.11057692307692307
10 0.6995192307692307 0.2848557692307692 0.0625 0.10817307692307693
10 0.6959134615384616 0.19230769230769232 0.055288461538461536 0.10096153846153846
10 0.6911057692307693 0.10216346153846154 0.055288461538461536 0.0985576923076923
10 0.6911057692307693 0.03365384615384615 0.040865384615384616 0.0673076923076923
12 0.7728365384615384 0.03365384615384615 0.055288461538461536 0.0673076923076923
12 0.7211538461538461 0.75 0.0673076923076923 0.14423076923076922