5 0.22235576923076922 0.30288461538461536 0.07451923076923077 0.16346153846153846
2 0.21754807692307693 0.375 0.07932692307692307 0.1875
6 0.17548076923076922 0.7355769230769231 0.07692307692307693 0.13942307692307693
6 0.25961538461538464 0.0733173076923077 0.052884615384615384 0.11298076923076923
1 0.2512019230769231 0.21875 0.05048076923076923 0.1346153846153846
1 0.30528846153846156 0.6237980769230769 0.0625 0.12740384615384615
4 0.3112980769230769 0.4074519230769231 0.04567307692307692 0.0985576923076923
4 0.3016826923076923 0.5132211538461539 0.05048076923076923 0.10336538461538461
4 0.3737980769230769 0.75 0.055288461538461536 0.10096153846153846
4 0.39663461538461536 0.6262019230769231 0.052884615384615384 0.10817307692307693
4 0.3293269230769231 0.23677884615384615 0.04326923076923077 0.09375
4 0.3389423076923077 0.15625 0.04326923076923077 0.09134615384615384
4 0.34375 0.07091346153846154 0.04326923076923077 0.0985576923076923
3 0.41466346153846156 0.14423076923076922 0.05048076923076923 0.1346153846153846
3 0.38341346153846156 0.49399038461538464 0.06490384615384616 0.14182692307692307
4 0.4891826923076923 0.3161057692307692 0.04567307692307692 0.10336538461538461
11 0.8173076923076923 0.3004807692307692 0.0625 0.16826923076923078
8 0.8353365384615384 0.3858173076923077 0.06971153846153846 0.19471153846153846
7 0.8485576923076923 0.5120192307692307 0.057692307692307696 0.1346153846153846
7 0.8112980769230769 0.2247596153846154 0.055288461538461536 0.13221153846153846
9 0.6370192307692307 0.21754807692307693 0.0625 0.15144230769230768
9 0.8461538461538461 0.6213942307692307 0.07211538461538461 0.15144230769230768
10 0.5649038461538461 0.7524038461538461 0.052884615384615384 0.10576923076923077
10 0.7536057692307693 0.6382211538461539 0.06009615384615385 0.10336538461538461
10 0.7475961538461539 0.5396634615384616 0.0625 0.10817307692307693
10 0.734375 0.43028846153846156 0.055288461538461536 0.10096153846153846
10 0.7295673076923077 0.33052884615384615 0.06009615384615385 0.0985576923076923
10 0.7259615384615384 0.2439903846153846 0.052884615384615384 0.09375
10 0.7175480769230769 0.16105769230769232 0.055288461538461536 0.09134615384615384
10 0.7151442307692307 0.07932692307692307 0.040865384615384616 0.09615384615384616
12 0.7920673076923077 0.07692307692307693 0.055288461538461536 0.11057692307692307
12 0.7632211538461539 0.7608173076923077 0.06490384615384616 0.13221153846153846