5 0.21514423076923078 0.29927884615384615 0.07451923076923077 0.1658653846153846
2 0.21033653846153846 0.3737980769230769 0.07451923076923077 0.19471153846153846
6 0.15625 0.7415865384615384 0.07692307692307693 0.13221153846153846
6 0.2608173076923077 0.0673076923076923 0.04567307692307692 0.11057692307692307
1 0.24639423076923078 0.2127403846153846 0.05048076923076923 0.13701923076923078
1 0.28846153846153844 0.6213942307692307 0.0625 0.13701923076923078
4 0.34134615384615385 0.0625 0.04326923076923077 0.09615384615384616
4 0.3245192307692308 0.23317307692307693 0.04326923076923077 0.10096153846153846
4 0.33533653846153844 0.1466346153846154 0.040865384615384616 0.09615384615384616
4 0.28846153846153844 0.5120192307692307 0.052884615384615384 0.09615384615384616
4 0.3016826923076923 0.40625 0.04567307692307692 0.10576923076923077
4 0.35336538461538464 0.7475961538461539 0.04807692307692308 0.10576923076923077
4 0.38100961538461536 0.625 0.05048076923076923 0.11057692307692307
4 0.484375 0.30528846153846156 0.04567307692307692 0.10096153846153846
3 0.41346153846153844 0.13341346153846154 0.052884615384615384 0.12740384615384615
3 0.5576923076923077 0.3954326923076923 0.057692307692307696 0.14182692307692307
11 0.8173076923076923 0.2824519230769231 0.0625 0.17067307692307693
8 0.8317307692307693 0.36899038461538464 0.0673076923076923 0.18990384615384615
7 0.8112980769230769 0.20793269230769232 0.05048076923076923 0.13701923076923078
7 0.8449519230769231 0.4987980769230769 0.055288461538461536 0.13221153846153846
9 0.640625 0.20552884615384615 0.05048076923076923 0.14182692307692307
9 0.8377403846153846 0.6129807692307693 0.06971153846153846 0.14423076923076922
12 0.7487980769230769 0.7512019230769231 0.06009615384615385 0.13701923076923078
12 0.796875 0.057692307692307696 0.04567307692307692 0.10576923076923077
10 0.7211538461538461 0.06129807692307692 0.038461538461538464 0.09375
10 0.7199519230769231 0.140625 0.040865384615384616 0.0889423076923077
10 0.7235576923076923 0.22956730769230768 0.038461538461538464 0.09375
10 0.7271634615384616 0.31490384615384615 0.04567307692307692 0.10096153846153846
10 0.7283653846153846 0.41466346153846156 0.04807692307692308 0.0985576923076923
10 0.7379807692307693 0.5180288461538461 0.04807692307692308 0.10336538461538461
10 0.7391826923076923 0.6225961538461539 0.05048076923076923 0.10576923076923077
10 0.5528846153846154 0.7451923076923077 0.052884615384615384 0.11538461538461539