5 0.7920673076923077 0.2860576923076923 0.07451923076923077 0.16826923076923078
2 0.8004807692307693 0.36177884615384615 0.08173076923076923 0.19471153846153846
6 0.8569711538461539 0.7319711538461539 0.07451923076923077 0.14182692307692307
6 0.7451923076923077 0.054086538461538464 0.052884615384615384 0.10817307692307693
1 0.7584134615384616 0.19951923076923078 0.05048076923076923 0.1346153846153846
1 0.7175480769230769 0.6153846153846154 0.06490384615384616 0.12980769230769232
4 0.7055288461538461 0.3942307692307692 0.04567307692307692 0.10096153846153846
4 0.7175480769230769 0.5024038461538461 0.05048076923076923 0.10576923076923077
4 0.6514423076923077 0.7439903846153846 0.052884615384615384 0.10336538461538461
4 0.625 0.6165865384615384 0.052884615384615384 0.11298076923076923
4 0.6814903846153846 0.21875 0.04567307692307692 0.09615384615384616
4 0.6670673076923077 0.1346153846153846 0.040865384615384616 0.09134615384615384
4 0.6610576923076923 0.04927884615384615 0.04326923076923077 0.0985576923076923
3 0.5901442307692307 0.1201923076923077 0.05048076923076923 0.1346153846153846
3 0.6346153846153846 0.4807692307692308 0.0625 0.14423076923076922
4 0.5180288461538461 0.2980769230769231 0.04567307692307692 0.10576923076923077
11 0.1814903846153846 0.2764423076923077 0.06490384615384616 0.17307692307692307
8 0.16706730769230768 0.3641826923076923 0.06971153846153846 0.19951923076923078
7 0.15625 0.49278846153846156 0.057692307692307696 0.13942307692307693
7 0.18509615384615385 0.19951923076923078 0.052884615384615384 0.1346153846153846
9 0.3629807692307692 0.19471153846153846 0.0625 0.15384615384615385
9 0.16466346153846154 0.6069711538461539 0.06971153846153846 0.15625
10 0.45552884615384615 0.7439903846153846 0.055288461538461536 0.10817307692307693
10 0.2608173076923077 0.6237980769230769 0.06009615384615385 0.10817307692307693
10 0.2608173076923077 0.5228365384615384 0.06009615384615385 0.11298076923076923
10 0.2704326923076923 0.4110576923076923 0.055288461538461536 0.10096153846153846
10 0.27283653846153844 0.31009615384615385 0.06009615384615385 0.10096153846153846
10 0.27403846153846156 0.21995192307692307 0.052884615384615384 0.09375
10 0.2776442307692308 0.1346153846153846 0.055288461538461536 0.09134615384615384
10 0.2776442307692308 0.051682692307692304 0.040865384615384616 0.0985576923076923
12 0.19951923076923078 0.051682692307692304 0.052884615384615384 0.10336538461538461
12 0.2536057692307692 0.7512019230769231 0.06490384615384616 0.13701923076923078