5 0.23677884615384615 0.31490384615384615 0.08413461538461539 0.1778846153846154
2 0.23197115384615385 0.3954326923076923 0.08413461538461539 0.20432692307692307
6 0.18028846153846154 0.7908653846153846 0.08173076923076923 0.14423076923076922
6 0.28125 0.0673076923076923 0.04807692307692308 0.1201923076923077
1 0.2668269230769231 0.22235576923076922 0.052884615384615384 0.1466346153846154
1 0.31971153846153844 0.6622596153846154 0.0673076923076923 0.1466346153846154
4 0.36778846153846156 0.06009615384615385 0.04807692307692308 0.10576923076923077
4 0.35096153846153844 0.2439903846153846 0.04326923076923077 0.10817307692307693
4 0.3629807692307692 0.15264423076923078 0.04326923076923077 0.10336538461538461
4 0.3173076923076923 0.5444711538461539 0.057692307692307696 0.10336538461538461
4 0.3317307692307692 0.42908653846153844 0.04807692307692308 0.11298076923076923
4 0.3918269230769231 0.7980769230769231 0.052884615384615384 0.11538461538461539
4 0.4206730769230769 0.6658653846153846 0.057692307692307696 0.1201923076923077
4 0.5252403846153846 0.32091346153846156 0.05048076923076923 0.10817307692307693
3 0.44471153846153844 0.13701923076923078 0.057692307692307696 0.13942307692307693
3 0.6057692307692307 0.4182692307692308 0.0625 0.15384615384615385
11 0.8822115384615384 0.2980769230769231 0.0673076923076923 0.18269230769230768
8 0.8990384615384616 0.390625 0.07211538461538461 0.20432692307692307
7 0.8737980769230769 0.21875 0.055288461538461536 0.14423076923076922
7 0.9146634615384616 0.5288461538461539 0.06009615384615385 0.14423076923076922
9 0.6899038461538461 0.21634615384615385 0.052884615384615384 0.15384615384615385
9 0.9122596153846154 0.6514423076923077 0.07451923076923077 0.15384615384615385
12 0.8161057692307693 0.8016826923076923 0.06490384615384616 0.1466346153846154
12 0.8581730769230769 0.057692307692307696 0.052884615384615384 0.11538461538461539
10 0.7752403846153846 0.05889423076923077 0.040865384615384616 0.0985576923076923
10 0.7740384615384616 0.14543269230769232 0.04326923076923077 0.0985576923076923
10 0.78125 0.2403846153846154 0.04326923076923077 0.10096153846153846
10 0.7860576923076923 0.3317307692307692 0.04807692307692308 0.10576923076923077
10 0.7884615384615384 0.43990384615384615 0.052884615384615384 0.10576923076923077
10 0.8016826923076923 0.5504807692307693 0.05048076923076923 0.11057692307692307
10 0.8040865384615384 0.6634615384615384 0.055288461538461536 0.11538461538461539
10 0.6057692307692307 0.7932692307692307 0.057692307692307696 0.125