5 0.7632211538461539 0.31490384615384615 0.08413461538461539 0.1778846153846154
2 0.7680288461538461 0.3954326923076923 0.08413461538461539 0.20432692307692307
6 0.8197115384615384 0.7908653846153846 0.08173076923076923 0.14423076923076922
6 0.71875 0.0673076923076923 0.04807692307692308 0.1201923076923077
1 0.7331730769230769 0.22235576923076922 0.052884615384615384 0.1466346153846154
1 0.6802884615384616 0.6622596153846154 0.0673076923076923 0.1466346153846154
4 0.6322115384615384 0.06009615384615385 0.04807692307692308 0.10576923076923077
4 0.6490384615384616 0.2439903846153846 0.04326923076923077 0.10817307692307693
4 0.6370192307692307 0.15264423076923078 0.04326923076923077 0.10336538461538461
4 0.6826923076923077 0.5444711538461539 0.057692307692307696 0.10336538461538461
4 0.6682692307692307 0.42908653846153844 0.04807692307692308 0.11298076923076923
4 0.6081730769230769 0.7980769230769231 0.052884615384615384 0.11538461538461539
4 0.5793269230769231 0.6658653846153846 0.057692307692307696 0.1201923076923077
4 0.47475961538461536 0.32091346153846156 0.05048076923076923 0.10817307692307693
3 0.5552884615384616 0.13701923076923078 0.057692307692307696 0.13942307692307693
3 0.3942307692307692 0.4182692307692308 0.0625 0.15384615384615385
11 0.11778846153846154 0.2980769230769231 0.0673076923076923 0.18269230769230768
8 0.10096153846153846 0.390625 0.07211538461538461 0.20432692307692307
7 0.12620192307692307 0.21875 0.055288461538461536 0.14423076923076922
7 0.08533653846153846 0.5288461538461539 0.06009615384615385 0.14423076923076922
9 0.31009615384615385 0.21634615384615385 0.052884615384615384 0.15384615384615385
9 0.08774038461538461 0.6514423076923077 0.07451923076923077 0.15384615384615385
12 0.18389423076923078 0.8016826923076923 0.06490384615384616 0.1466346153846154
12 0.14182692307692307 0.057692307692307696 0.052884615384615384 0.11538461538461539
10 0.2247596153846154 0.05889423076923077 0.040865384615384616 0.0985576923076923
10 0.22596153846153846 0.14543269230769232 0.04326923076923077 0.0985576923076923
10 0.21875 0.2403846153846154 0.04326923076923077 0.10096153846153846
10 0.21394230769230768 0.3317307692307692 0.04807692307692308 0.10576923076923077
10 0.21153846153846154 0.43990384615384615 0.052884615384615384 0.10576923076923077
10 0.19831730769230768 0.5504807692307693 0.05048076923076923 0.11057692307692307
10 0.19591346153846154 0.6634615384615384 0.055288461538461536 0.11538461538461539
10 0.3942307692307692 0.7932692307692307 0.057692307692307696 0.125