5 0.8473557692307693 0.28846153846153844 0.07932692307692307 0.1778846153846154
2 0.8545673076923077 0.36658653846153844 0.08413461538461539 0.20432692307692307
6 0.9122596153846154 0.7572115384615384 0.07932692307692307 0.14903846153846154
6 0.8004807692307693 0.04927884615384615 0.057692307692307696 0.0985576923076923
1 0.8137019230769231 0.19471153846153846 0.05048076923076923 0.14423076923076922
1 0.7680288461538461 0.6286057692307693 0.06490384615384616 0.13701923076923078
4 0.7560096153846154 0.3954326923076923 0.05048076923076923 0.10336538461538461
4 0.7692307692307693 0.5096153846153846 0.052884615384615384 0.11057692307692307
4 0.6959134615384616 0.7596153846153846 0.055288461538461536 0.11057692307692307
4 0.6694711538461539 0.6262019230769231 0.055288461538461536 0.11778846153846154
4 0.7319711538461539 0.21153846153846154 0.04567307692307692 0.10096153846153846
4 0.71875 0.12139423076923077 0.04326923076923077 0.0985576923076923
4 0.7103365384615384 0.04326923076923077 0.04567307692307692 0.08653846153846154
3 0.6370192307692307 0.10336538461538461 0.052884615384615384 0.14423076923076922
3 0.6802884615384616 0.4831730769230769 0.0673076923076923 0.15384615384615385
4 0.5600961538461539 0.2848557692307692 0.04807692307692308 0.11298076923076923
11 0.20552884615384615 0.24759615384615385 0.06490384615384616 0.18269230769230768
8 0.18990384615384615 0.3389423076923077 0.07211538461538461 0.21153846153846154
7 0.17668269230769232 0.47475961538461536 0.06009615384615385 0.1466346153846154
7 0.21033653846153846 0.1658653846153846 0.055288461538461536 0.14423076923076922
9 0.39663461538461536 0.16947115384615385 0.0625 0.16105769230769232
9 0.18509615384615385 0.5949519230769231 0.07211538461538461 0.1658653846153846
10 0.49038461538461536 0.7524038461538461 0.057692307692307696 0.11538461538461539
10 0.2860576923076923 0.6165865384615384 0.0625 0.11298076923076923
10 0.28846153846153844 0.5108173076923077 0.0625 0.11778846153846154
10 0.29927884615384615 0.3942307692307692 0.06009615384615385 0.11057692307692307
10 0.3004807692307692 0.2848557692307692 0.0625 0.10817307692307693
10 0.30408653846153844 0.19230769230769232 0.055288461538461536 0.10096153846153846
10 0.3088942307692308 0.10216346153846154 0.055288461538461536 0.0985576923076923
10 0.3088942307692308 0.03365384615384615 0.040865384615384616 0.0673076923076923
12 0.22716346153846154 0.03365384615384615 0.055288461538461536 0.0673076923076923
12 0.27884615384615385 0.75 0.0673076923076923 0.14423076923076922